PCTime	MagType	HX	HY	HZ	AsX	AsY	AsZ	Q0	Q1	Q2	Q3
2025-08-06 14:31:25.911	3	9.581	39.520	45.214	14.4043	13.4888	6.2866	0	0	0	0
2025-08-06 14:31:26.090	3	10.907	40.118	44.460	3.9063	0.1221	14.5264	0	0	0	0
2025-08-06 14:31:26.397	3	11.635	39.377	45.058	-4.7607	-10.6812	19.1650	0	0	0	0
2025-08-06 14:31:26.521	3	13.494	38.636	45.266	-5.4932	-8.1787	14.2822	0	0	0	0
2025-08-06 14:31:26.644	3	15.626	38.051	45.071	2.8687	-5.9814	7.6904	0	0	0	0
2025-08-06 14:31:26.827	3	17.628	37.700	44.772	10.0708	5.0659	16.7236	0	0	0	0
2025-08-06 14:31:26.948	3	19.903	37.310	44.252	7.2021	-2.0752	31.4331	0	0	0	0
2025-08-06 14:31:27.009	3	21.515	37.232	43.641	13.1836	-1.7090	49.9268	0	0	0	0
2025-08-06 14:31:27.070	3	23.491	36.400	43.498	8.4229	-9.1553	22.5830	0	0	0	0
2025-08-06 14:31:27.130	3	25.077	36.101	42.939	5.5542	-10.6201	23.9258	0	0	0	0
2025-08-06 14:31:27.191	3	26.871	35.321	42.679	15.1367	39.6118	47.7295	0	0	0	0
2025-08-06 14:31:27.252	3	28.457	33.891	43.017	-26.3062	-18.7378	50.4150	0	0	0	0
2025-08-06 14:31:27.313	3	29.705	32.266	43.485	2.5635	5.6763	2.9297	0	0	0	0
2025-08-06 14:31:27.452	3	31.330	29.848	44.473	-13.0615	11.8408	33.3862	0	0	0	0
2025-08-06 14:31:27.513	3	32.916	27.391	45.448	-0.1831	29.1138	82.3364	0	0	0	0
2025-08-06 14:31:27.573	3	33.579	25.311	46.280	-6.8970	2.6245	-1.5259	0	0	0	0
2025-08-06 14:31:27.634	3	34.489	23.829	46.852	-32.0435	19.0430	119.2017	0	0	0	0
2025-08-06 14:31:27.695	3	36.348	19.175	48.035	6.8359	38.8184	13.7939	0	0	0	0
2025-08-06 14:31:27.755	3	36.634	17.797	48.607	0.9766	22.7661	44.1284	0	0	0	0
2025-08-06 14:31:27.816	3	37.245	15.197	49.400	-11.6577	9.0332	28.5645	0	0	0	0
2025-08-06 14:31:27.877	3	37.011	13.000	50.531	-24.9634	4.6387	42.3584	0	0	0	0
2025-08-06 14:31:27.938	3	37.778	9.360	51.233	-3.5400	41.7480	48.2178	0	0	0	0
2025-08-06 14:31:27.999	3	37.596	6.643	52.117	-6.7139	35.9497	34.1187	0	0	0	0
2025-08-06 14:31:28.740	3	33.241	-11.739	56.342	-3.0518	7.3242	26.1230	0	0	0	0
2025-08-06 14:31:28.800	3	31.343	-17.199	56.745	-9.2163	-5.9814	23.0713	0	0	0	0
2025-08-06 14:31:29.060	3	30.446	-18.616	56.407	-2.3193	2.7466	1.3428	0	0	0	0
2025-08-06 14:31:29.120	3	28.886	-19.942	56.212	-0.8545	4.5776	12.0850	0	0	0	0
2025-08-06 14:31:29.301	3	27.274	-22.672	55.731	-15.3809	3.3569	6.9580	0	0	0	0
2025-08-06 14:31:29.424	3	25.896	-25.597	55.237	9.3384	15.3198	15.1367	0	0	0	0
2025-08-06 14:31:29.485	3	25.207	-26.936	54.873	-5.7983	5.8594	8.1787	0	0	0	0
2025-08-06 14:31:29.605	3	23.023	-29.406	54.080	-8.0566	7.5684	27.0996	0	0	0	0
2025-08-06 14:31:29.665	3	20.709	-30.719	53.781	-30.0293	6.0425	14.7095	0	0	0	0
2025-08-06 14:31:29.726	3	18.590	-31.928	53.183	-24.4751	22.7661	40.2222	0	0	0	0
2025-08-06 14:31:29.787	3	15.951	-32.942	52.663	-20.7520	23.2544	20.8740	0	0	0	0
2025-08-06 14:31:29.848	3	13.975	-33.956	51.857	7.3853	25.5737	-5.4932	0	0	0	0
2025-08-06 14:31:29.970	3	12.051	-35.100	50.635	-11.9019	16.6626	9.1553	0	0	0	0
2025-08-06 14:31:30.031	3	9.750	-35.373	50.609	34.7900	42.9077	78.9185	0	0	0	0
2025-08-06 14:31:30.092	3	4.394	-35.113	51.246	-23.3765	8.7280	7.2021	0	0	0	0
2025-08-06 14:31:30.152	3	2.691	-35.178	50.986	-22.2168	-12.6343	6.5308	0	0	0	0
2025-08-06 14:31:30.274	3	-1.118	-34.671	50.869	-30.0293	31.6162	84.3506	0	0	0	0
2025-08-06 14:31:30.335	3	-3.042	-34.996	49.920	-15.6860	23.3765	26.9165	0	0	0	0
2025-08-06 14:31:30.396	3	-4.524	-35.204	49.153	-20.2637	12.1460	13.2446	0	0	0	0
2025-08-06 14:31:30.545	3	-9.867	-35.139	48.074	-31.3721	-9.4604	65.0635	0	0	0	0
2025-08-06 14:31:30.606	3	-11.466	-34.918	47.879	-31.7993	-24.1089	41.9922	0	0	0	0
2025-08-06 14:31:30.667	3	-12.701	-35.295	47.333	-57.8613	-4.0894	82.4585	0	0	0	0
2025-08-06 14:31:30.798	3	-14.222	-36.959	45.968	-21.1792	1.8921	14.2822	0	0	0	0
2025-08-06 14:31:30.922	3	-15.561	-37.856	44.954	-48.1567	5.8594	59.9976	0	0	0	0
2025-08-06 14:31:30.983	3	-16.263	-38.987	43.875	-30.4565	-0.9155	29.9683	0	0	0	0
2025-08-06 14:31:31.043	3	-17.433	-40.131	42.367	-56.3965	9.5215	41.1987	0	0	0	0
2025-08-06 14:31:31.104	3	-18.564	-41.483	40.703	-38.2690	-25.4517	40.9546	0	0	0	0
2025-08-06 14:31:31.165	3	-19.825	-42.406	39.221	-31.4331	32.2266	27.5269	0	0	0	0
2025-08-06 14:31:31.225	3	-21.697	-43.121	37.453	-37.0483	11.4746	13.9771	0	0	0	0
2025-08-06 14:31:31.285	3	-22.750	-44.122	35.568	-41.0156	25.0854	24.6582	0	0	0	0
2025-08-06 14:31:31.411	3	-25.155	-45.461	31.876	-34.4238	37.5977	17.2119	0	0	0	0
2025-08-06 14:31:31.472	3	-26.468	-46.176	29.458	-26.1230	24.4751	19.7754	0	0	0	0
2025-08-06 14:31:31.531	3	-27.547	-46.605	27.456	-41.0767	17.6392	18.8599	0	0	0	0
2025-08-06 14:31:31.591	3	-28.665	-47.086	25.259	-24.4141	25.9399	12.4512	0	0	0	0
2025-08-06 14:31:31.651	3	-28.938	-47.593	23.829	-19.1650	3.7842	24.1699	0	0	0	0
2025-08-06 14:31:31.712	3	-30.498	-47.515	22.009	-7.5073	17.2119	32.2876	0	0	0	0
2025-08-06 14:31:31.773	3	-31.824	-47.450	20.046	-42.9688	26.3672	37.9028	0	0	0	0
2025-08-06 14:31:31.833	3	-33.709	-47.086	17.654	-62.3779	-0.1831	30.0903	0	0	0	0
2025-08-06 14:31:31.894	3	-34.281	-47.554	14.053	-60.7300	12.1460	3.4180	0	0	0	0
2025-08-06 14:31:31.955	3	-34.476	-47.801	10.972	-82.0923	37.7197	48.2788	0	0	0	0
2025-08-06 14:31:32.016	3	-35.997	-47.086	6.708	-50.4150	18.5547	15.8081	0	0	0	0
2025-08-06 14:31:32.076	3	-36.218	-46.748	4.602	-30.8228	3.1738	24.7192	0	0	0	0
2025-08-06 14:31:32.137	3	-37.388	-45.682	2.236	-49.8047	11.0474	17.2729	0	0	0	0
2025-08-06 14:31:32.198	3	-37.986	-44.278	-2.548	-70.9839	25.2075	-10.3149	0	0	0	0
2025-08-06 14:31:32.273	3	-37.583	-44.031	-4.121	-43.7012	37.8418	-8.0566	0	0	0	0
2025-08-06 14:31:32.333	3	-36.049	-42.939	-9.386	-28.6865	12.5122	-10.0708	0	0	0	0
2025-08-06 14:31:32.394	3	-35.477	-42.276	-11.427	-57.0068	-7.5073	-7.5684	0	0	0	0
2025-08-06 14:31:32.455	3	-35.178	-40.872	-14.404	-62.5610	26.0620	-1.6479	0	0	0	0
2025-08-06 14:31:32.515	3	-33.852	-39.091	-18.460	-100.7080	12.2681	-26.6113	0	0	0	0
2025-08-06 14:31:32.575	3	-32.240	-36.946	-22.230	-56.5796	38.0859	-5.9814	0	0	0	0
2025-08-06 14:31:32.640	3	-30.368	-35.217	-25.545	-51.6968	69.8242	-10.5591	0	0	0	0
2025-08-06 14:31:32.701	3	-27.755	-32.851	-29.250	-31.9824	64.1479	-1.6479	0	0	0	0
2025-08-06 14:31:32.762	3	-25.701	-31.135	-31.759	-51.0864	30.5786	-14.4043	0	0	0	0
2025-08-06 14:31:32.847	3	-24.050	-29.744	-33.462	-40.2222	22.5830	-19.9585	0	0	0	0
2025-08-06 14:31:32.904	3	-22.074	-28.054	-35.217	14.8315	47.1191	17.3340	0	0	0	0
2025-08-06 14:31:32.964	3	-20.397	-26.962	-36.595	-31.9824	39.0015	-4.2114	0	0	0	0
2025-08-06 14:31:33.025	3	-18.044	-25.272	-38.298	-26.0010	75.3784	-5.9204	0	0	0	0
2025-08-06 14:31:33.086	3	-14.872	-23.465	-40.157	-40.4663	63.5376	-18.3105	0	0	0	0
2025-08-06 14:31:33.158	3	-13.234	-22.360	-41.093	-31.0059	48.5840	-22.4609	0	0	0	0
2025-08-06 14:31:33.215	3	-9.035	-19.955	-42.744	-22.2168	46.1426	-18.4326	0	0	0	0
2025-08-06 14:31:33.275	3	-6.136	-18.785	-43.537	-40.1001	71.7163	-39.3677	0	0	0	0
2025-08-06 14:31:33.336	3	-1.690	-16.991	-44.317	-31.6772	57.6172	-20.5688	0	0	0	0
2025-08-06 14:31:33.396	3	1.443	-15.522	-44.772	-24.4751	63.5986	-16.8457	0	0	0	0
2025-08-06 14:31:33.457	3	4.810	-14.261	-44.863	-16.7847	56.2134	-35.6445	0	0	0	0
2025-08-06 14:31:33.518	3	8.281	-12.441	-45.019	-37.5366	59.3872	-45.5322	0	0	0	0
2025-08-06 14:31:33.578	3	10.816	-10.712	-45.097	-23.1934	44.7388	-16.1743	0	0	0	0
2025-08-06 14:31:33.639	3	14.859	-9.919	-44.265	-10.7422	52.1240	-4.2114	0	0	0	0
2025-08-06 14:31:33.699	3	17.199	-8.580	-44.005	-34.6680	25.8789	-34.1187	0	0	0	0
2025-08-06 14:31:33.760	3	18.161	-6.734	-44.213	-27.7100	-2.7466	-0.2441	0	0	0	0
2025-08-06 14:31:33.821	3	18.512	-4.810	-44.616	-47.7905	21.1792	-28.8086	0	0	0	0
2025-08-06 14:31:33.883	3	19.318	-1.651	-44.980	-47.2412	-15.5640	-22.0947	0	0	0	0
2025-08-06 14:31:33.944	3	18.876	3.068	-45.747	-57.0679	-2.3804	-33.5083	0	0	0	0
2025-08-06 14:31:34.004	3	18.122	5.551	-46.202	-49.0723	-29.4189	-28.6865	0	0	0	0
2025-08-06 14:31:34.073	3	17.407	6.708	-46.501	-59.8755	-51.0864	-39.0625	0	0	0	0
2025-08-06 14:31:34.133	3	13.845	12.909	-47.138	-54.0161	-39.1235	-14.1602	0	0	0	0
2025-08-06 14:31:34.194	3	11.856	15.470	-47.294	-20.5688	-18.7988	-2.8076	0	0	0	0
2025-08-06 14:31:34.445	3	17.576	2.730	-46.124	136.1694	47.1802	24.1089	0	0	0	0
2025-08-06 14:31:34.506	3	21.528	-5.005	-43.264	149.2310	78.3081	52.3682	0	0	0	0
2025-08-06 14:31:34.567	3	22.009	-12.090	-40.716	123.3521	7.0190	40.7104	0	0	0	0
2025-08-06 14:31:34.646	3	21.489	-17.420	-38.428	124.6338	-4.2725	69.3970	0	0	0	0
2025-08-06 14:31:34.703	3	18.395	-26.780	-33.826	137.5122	-15.3198	96.2524	0	0	0	0
2025-08-06 14:31:34.763	3	14.521	-34.385	-28.977	167.1143	-11.2915	128.2959	0	0	0	0
2025-08-06 14:31:34.824	3	10.569	-41.860	-22.295	138.4277	-50.1709	94.2993	0	0	0	0
2025-08-06 14:31:34.885	3	4.862	-47.463	-15.860	169.0674	-30.7007	102.7832	0	0	0	0
2025-08-06 14:31:34.951	3	1.222	-50.401	-10.478	234.3750	-88.7451	158.2031	0	0	0	0
2025-08-06 14:31:35.008	3	-13.325	-53.937	7.059	141.1743	-154.3579	111.9995	0	0	0	0
2025-08-06 14:31:35.068	3	-20.722	-51.558	16.783	172.8516	-63.2935	153.3203	0	0	0	0
2025-08-06 14:31:35.129	3	-28.041	-45.526	26.416	224.4873	-7.0801	144.2261	0	0	0	0
2025-08-06 14:31:35.190	3	-34.346	-34.879	35.958	225.6470	-157.1045	124.2065	0	0	0	0
2025-08-06 14:31:35.296	3	-36.517	-28.418	40.287	300.5371	-97.6563	155.0903	0	0	0	0
2025-08-06 14:31:35.351	3	-42.419	-4.134	48.802	72.3267	-23.8647	-64.6973	0	0	0	0
2025-08-06 14:31:35.411	3	-44.187	-1.183	50.245	145.9961	-130.8594	-107.8491	0	0	0	0
2025-08-06 14:31:35.472	3	-37.947	-0.390	58.175	101.1963	-144.3481	-137.0850	0	0	0	0
2025-08-06 14:31:35.694	3	-29.341	-0.728	63.726	169.4946	-108.4595	-229.0649	0	0	0	0
2025-08-06 14:31:35.753	3	-9.971	23.647	58.071	44.0063	-99.7925	-118.7744	0	0	0	0
2025-08-06 14:31:35.818	3	-9.581	26.624	55.835	72.8760	-86.6089	-145.3247	0	0	0	0
2025-08-06 14:31:36.074	3	-15.639	31.629	51.012	4.6387	-48.7671	-106.3843	0	0	0	0
2025-08-06 14:31:36.143	3	-16.458	30.225	51.831	-12.6953	-58.2275	-116.4551	0	0	0	0
2025-08-06 14:31:36.199	3	-17.368	27.807	53.248	16.1133	-31.1279	-94.1772	0	0	0	0
2025-08-06 14:31:36.260	3	-19.019	27.937	52.845	34.3628	6.2256	-38.6353	0	0	0	0
2025-08-06 14:31:36.321	3	-20.488	28.821	52.104	11.0474	6.7749	-25.8789	0	0	0	0
2025-08-06 14:31:36.451	3	-22.438	28.665	51.857	-0.2441	-7.9956	-31.9824	0	0	0	0
2025-08-06 14:31:36.568	3	-24.401	29.328	51.207	18.6157	-1.9531	-22.0337	0	0	0	0
2025-08-06 14:31:36.689	3	-26.949	30.082	49.738	6.2866	22.5830	-15.6250	0	0	0	0
2025-08-06 14:31:36.819	3	-30.680	24.609	50.674	-45.5933	-1.1597	-44.0674	0	0	0	0
2025-08-06 14:31:36.882	3	-32.318	21.073	50.843	-42.9688	11.9629	-28.2593	0	0	0	0
2025-08-06 14:31:36.943	3	-33.202	17.940	51.064	-28.0762	-1.8311	-21.6675	0	0	0	0
2025-08-06 14:31:37.144	3	-32.487	19.292	51.337	39.0015	-9.7656	15.3198	0	0	0	0
2025-08-06 14:31:37.461	3	-32.045	23.933	50.908	-22.1558	6.0425	-10.8643	0	0	0	0
2025-08-06 14:31:38.126	3	-33.098	22.425	50.986	-10.6812	3.1128	0.9155	0	0	0	0
2025-08-06 14:31:41.603	3	-34.476	21.957	50.817	2.3804	-2.9297	-2.0142	0	0	0	0
2025-08-06 14:31:54.827	3	-35.451	22.503	50.336	0.0610	0.7324	0.0000	0	0	0	0
