PCTime	MagType	HX	HY	HZ	AsX	AsY	AsZ	Q0	Q1	Q2	Q3
2025-08-06 14:35:39.336	3	-33.878	-22.256	-37.011	-0.1831	0.0000	0.0000	0.87531	-0.00317	-0.00406	-0.48343
2025-08-06 14:35:39.404	3	-30.394	-24.479	-42.380	0.0000	0.0000	0.0000	0.87411	-0.00146	-0.00049	-0.48560
2025-08-06 14:35:40.681	3	-29.510	-25.675	-42.328	0.0000	0.0000	-8.7280	0.86618	-0.00067	0.00009	-0.49960
2025-08-06 14:35:41.180	3	-28.392	-27.079	-42.354	0.0000	0.0000	-8.7280	0.85440	-0.00052	0.00015	-0.51950
2025-08-06 14:35:41.380	3	-27.261	-28.366	-42.289	0.0610	0.0000	-11.3525	0.84406	-0.00040	0.00009	-0.53616
2025-08-06 14:35:41.520	3	-25.896	-29.861	-42.289	0.1221	0.0000	-22.4609	0.83182	-0.00015	0.00003	-0.55493
2025-08-06 14:35:41.664	3	-24.336	-31.109	-42.276	0.1831	0.0000	-21.9727	0.81836	-0.00027	0.00000	-0.57462
2025-08-06 14:35:41.794	3	-22.529	-32.734	-42.263	0.1221	0.0000	-30.6396	0.80145	-0.00009	-0.00009	-0.59799
2025-08-06 14:35:42.065	3	-21.021	-33.891	-42.315	0.0000	0.0000	-14.2822	0.78653	-0.00034	-0.00006	-0.61746
2025-08-06 14:35:42.206	3	-19.240	-34.931	-42.341	0.0000	-0.0610	-15.5029	0.77094	-0.00055	-0.00015	-0.63681
2025-08-06 14:35:42.279	3	-17.875	-35.750	-42.354	0.0000	-0.1831	-30.7007	0.76050	-0.00055	-0.00024	-0.64926
2025-08-06 14:35:42.403	3	-16.146	-36.582	-42.458	0.0000	0.0000	-16.5405	0.74420	-0.00064	-0.00031	-0.66788
2025-08-06 14:35:42.545	3	-13.988	-37.557	-42.458	0.7324	0.7324	-38.8184	0.72589	-0.00055	-0.00043	-0.68771
2025-08-06 14:35:42.617	3	-12.623	-38.194	-42.458	0.0610	-0.0610	-33.0200	0.71310	-0.00043	-0.00058	-0.70099
2025-08-06 14:35:42.689	3	-10.712	-38.857	-42.510	-0.0610	-0.4883	-37.6587	0.69693	-0.00070	-0.00067	-0.71707
2025-08-06 14:35:42.831	3	-8.294	-39.598	-42.549	0.2441	0.3662	-13.1226	0.67276	-0.00067	-0.00067	-0.73981
2025-08-06 14:35:42.964	3	-6.175	-40.157	-42.588	0.0000	-0.1221	-21.6064	0.65466	-0.00064	-0.00073	-0.75586
2025-08-06 14:35:43.183	3	-3.640	-40.807	-42.562	0.0000	-0.1831	-19.0430	0.62955	-0.00049	-0.00076	-0.77689
2025-08-06 14:35:43.389	3	-1.430	-41.236	-42.536	0.0610	0.0000	-15.8691	0.60742	-0.00049	-0.00076	-0.79431
2025-08-06 14:35:43.593	3	1.378	-41.535	-42.523	0.0610	0.0000	-25.6958	0.58255	-0.00070	-0.00089	-0.81271
2025-08-06 14:35:43.726	3	4.121	-41.691	-42.458	0.2441	-0.1221	-36.3770	0.55606	-0.00052	-0.00113	-0.83109
2025-08-06 14:35:44.191	3	9.737	-41.379	-42.458	0.0000	0.0000	-4.5776	0.49188	-0.00131	-0.00082	-0.87061
2025-08-06 14:35:44.626	3	11.895	-41.054	-42.614	0.0000	0.0000	-9.8877	0.46927	-0.00131	-0.00079	-0.88300
2025-08-06 14:35:44.844	3	15.119	-40.274	-42.497	0.0610	0.0000	-24.5361	0.43298	-0.00143	-0.00092	-0.90134
2025-08-06 14:35:45.003	3	17.238	-39.637	-42.666	0.0610	0.0000	-23.3765	0.40714	-0.00137	-0.00104	-0.91330
2025-08-06 14:35:45.143	3	19.968	-38.688	-42.484	0.1831	0.0000	-37.1704	0.37610	-0.00140	-0.00116	-0.92651
2025-08-06 14:35:45.376	3	21.957	-37.778	-42.575	0.0610	-0.0610	-21.6064	0.34503	-0.00153	-0.00137	-0.93854
2025-08-06 14:35:45.438	3	25.428	-35.867	-42.692	0.3662	0.0000	-58.0444	0.30099	-0.00143	-0.00156	-0.95358
2025-08-06 14:35:45.584	3	26.975	-34.684	-42.640	0.0000	0.0000	-19.5313	0.27011	-0.00171	-0.00156	-0.96277
2025-08-06 14:35:45.780	3	29.263	-33.137	-42.666	0.1221	0.0000	-24.3530	0.23694	-0.00177	-0.00162	-0.97147
2025-08-06 14:35:45.920	3	31.148	-31.421	-42.822	0.1221	-0.0610	-34.6069	0.20541	-0.00180	-0.00177	-0.97864
2025-08-06 14:35:45.990	3	32.604	-29.952	-42.692	0.2441	-0.0610	-43.2129	0.18011	-0.00195	-0.00198	-0.98358
2025-08-06 14:35:46.060	3	33.878	-28.548	-42.757	0.1831	0.0000	-40.1611	0.15485	-0.00201	-0.00214	-0.98788
2025-08-06 14:35:46.130	3	34.840	-27.352	-42.744	0.0000	0.0610	-30.7007	0.13196	-0.00198	-0.00226	-0.99121
2025-08-06 14:35:46.417	3	37.479	-23.686	-42.822	0.1831	-0.1221	-21.5454	0.06912	-0.00186	-0.00198	-0.99756
2025-08-06 14:35:46.549	3	38.519	-22.022	-42.926	0.1831	0.0000	-34.8511	0.04196	-0.00192	-0.00186	-0.99908
2025-08-06 14:35:46.622	3	39.494	-20.020	-42.952	0.0000	0.1221	-50.0488	0.01593	-0.00198	-0.00192	-0.99982
2025-08-06 14:35:46.761	3	40.469	-17.680	-43.017	0.2441	-0.3052	-26.7944	-0.02307	-0.00226	-0.00226	-0.99969
2025-08-06 14:35:47.105	3	41.834	-13.260	-43.147	0.0000	-0.0610	-19.2261	-0.08838	-0.00238	-0.00226	-0.99603
2025-08-06 14:35:47.235	3	42.328	-11.284	-43.134	0.0000	0.0610	-17.8223	-0.11560	-0.00220	-0.00217	-0.99326
2025-08-06 14:35:48.289	3	42.666	-9.685	-43.069	0.0000	0.0000	-16.8457	-0.13571	-0.00238	-0.00146	-0.99069
2025-08-06 14:35:48.497	3	42.991	-6.669	-43.186	0.1831	-0.1221	-40.2832	-0.17395	-0.00278	-0.00198	-0.98471
2025-08-06 14:35:48.770	3	43.186	-2.665	-43.199	0.0610	0.0000	-21.3623	-0.22897	-0.00238	-0.00192	-0.97339
2025-08-06 14:35:49.004	3	43.108	-0.715	-43.225	0.0000	0.0000	-15.8691	-0.25400	-0.00241	-0.00198	-0.96716
2025-08-06 14:35:49.074	3	42.861	1.599	-43.238	0.0000	0.0000	-14.0381	-0.28635	-0.00262	-0.00189	-0.95807
2025-08-06 14:35:49.388	3	42.445	4.082	-43.290	0.3052	0.0000	-46.8750	-0.31354	-0.00278	-0.00214	-0.94952
2025-08-06 14:35:49.458	3	40.534	10.257	-43.433	0.0000	0.1221	-33.7524	-0.39935	-0.00336	-0.00284	-0.91675
2025-08-06 14:35:49.753	3	37.661	15.769	-43.550	-8.1787	-4.1504	-16.6626	-0.47482	-0.00284	0.00143	-0.88000
2025-08-06 14:35:49.951	3	37.128	17.199	-43.277	0.0610	0.2441	-4.2725	-0.48956	0.00217	0.00775	-0.87189
2025-08-06 14:35:50.764	3	36.361	18.343	-43.472	0.1831	0.0000	-32.2266	-0.51163	-0.00262	-0.00140	-0.85913
2025-08-06 14:35:50.835	3	35.490	19.682	-43.433	0.1831	0.0000	-30.5176	-0.53140	-0.00269	-0.00180	-0.84705
2025-08-06 14:35:50.906	3	34.164	21.320	-43.459	0.4272	0.0000	-57.4341	-0.55032	-0.00269	-0.00189	-0.83490
2025-08-06 14:35:50.971	3	33.098	22.568	-43.472	0.2441	0.0000	-49.7437	-0.57227	-0.00284	-0.00232	-0.82001
2025-08-06 14:35:51.037	3	30.862	24.726	-43.485	0.6104	-0.0610	-108.3984	-0.59970	-0.00287	-0.00290	-0.80017
2025-08-06 14:35:51.110	3	28.509	26.741	-43.511	0.1831	-0.4272	-47.9736	-0.63687	-0.00311	-0.00269	-0.77087
2025-08-06 14:35:51.183	3	27.066	27.742	-43.498	0.3052	0.0000	-52.9175	-0.65488	-0.00327	-0.00232	-0.75565
2025-08-06 14:35:51.255	3	25.610	28.821	-43.511	0.0610	-0.1221	-26.8555	-0.67578	-0.00317	-0.00244	-0.73703
2025-08-06 14:35:51.388	3	22.724	30.498	-43.511	0.0000	-0.3052	-35.4004	-0.70663	-0.00333	-0.00278	-0.70749
2025-08-06 14:35:51.528	3	20.930	31.356	-43.524	0.0000	0.0000	-7.5073	-0.72711	-0.00330	-0.00269	-0.68640
2025-08-06 14:35:51.658	3	19.175	32.006	-43.563	0.0000	0.0610	-16.6016	-0.74393	-0.00323	-0.00293	-0.66818
2025-08-06 14:35:51.797	3	16.757	32.760	-43.563	0.4272	0.0000	-52.0020	-0.76178	-0.00320	-0.00293	-0.64774
2025-08-06 14:35:52.071	3	14.729	33.345	-43.563	0.3052	0.0610	-44.0063	-0.77914	-0.00311	-0.00272	-0.62674
2025-08-06 14:35:52.137	3	8.632	34.528	-43.524	0.3052	0.1831	-33.3252	-0.82693	-0.00314	-0.00247	-0.56219
2025-08-06 14:35:52.217	3	6.565	34.580	-43.498	0.3052	0.0000	-52.4292	-0.83765	-0.00317	-0.00253	-0.54611
2025-08-06 14:35:52.290	3	4.017	34.697	-43.485	0.0610	-0.1831	-33.5083	-0.85944	-0.00323	-0.00259	-0.51114
2025-08-06 14:35:52.361	3	1.547	34.567	-43.459	0.2441	0.0000	-42.6025	-0.87268	-0.00339	-0.00272	-0.48816
2025-08-06 14:35:52.431	3	-1.053	34.320	-43.537	0.2441	-0.1831	-60.6079	-0.88660	-0.00336	-0.00287	-0.46243
2025-08-06 14:35:52.527	3	-2.756	33.904	-43.472	0.2441	0.0000	-41.5039	-0.89828	-0.00345	-0.00305	-0.43930
2025-08-06 14:35:52.599	3	-5.408	33.488	-43.537	0.0610	0.0000	-21.4844	-0.91339	-0.00336	-0.00281	-0.40695
2025-08-06 14:35:52.671	3	-7.527	32.890	-43.394	0.1831	-0.1221	-39.4897	-0.92203	-0.00323	-0.00232	-0.38696
2025-08-06 14:35:52.741	3	-9.282	32.175	-43.511	0.3052	0.0000	-44.7388	-0.93082	-0.00320	-0.00256	-0.36530
2025-08-06 14:35:52.821	3	-10.738	31.525	-43.511	0.1831	0.0000	-35.7056	-0.93771	-0.00330	-0.00305	-0.34726
2025-08-06 14:35:52.894	3	-13.169	30.498	-43.628	0.1831	0.0000	-35.6445	-0.94882	-0.00320	-0.00308	-0.31564
2025-08-06 14:35:53.702	3	-16.172	29.081	-43.485	0.4272	-0.1221	-79.9561	-0.95892	-0.00250	-0.00150	-0.28342
2025-08-06 14:35:53.773	3	-20.254	26.676	-43.368	0.4883	-0.2441	-95.3369	-0.97324	-0.00296	-0.00140	-0.22958
2025-08-06 14:35:53.834	3	-23.049	24.453	-43.264	0.4272	0.1831	-73.7915	-0.98270	-0.00333	-0.00113	-0.18497
2025-08-06 14:35:53.900	3	-24.349	23.374	-43.238	0.0610	0.0000	-17.8223	-0.98767	-0.00317	-0.00085	-0.15625
2025-08-06 14:35:54.042	3	-25.766	22.009	-43.186	0.1221	0.0000	-30.0903	-0.99091	-0.00299	-0.00153	-0.13419
2025-08-06 14:35:54.114	3	-27.274	20.215	-43.173	0.1831	0.1831	-40.3442	-0.99432	-0.00305	-0.00162	-0.10583
2025-08-06 14:35:54.184	3	-28.548	18.629	-43.212	0.2441	0.0000	-44.7388	-0.99661	-0.00281	-0.00183	-0.08154
2025-08-06 14:35:54.255	3	-29.887	16.744	-43.173	0.1831	0.0000	-52.8564	-0.99850	-0.00266	-0.00183	-0.05344
2025-08-06 14:35:54.436	3	-31.824	13.507	-43.160	0.0610	0.0000	-19.4702	-0.99994	-0.00253	-0.00137	-0.00443
2025-08-06 14:35:54.568	3	-33.124	10.855	-43.108	0.1221	-0.0610	-33.6914	-0.99951	-0.00253	-0.00116	0.02957
2025-08-06 14:35:54.709	3	-33.709	8.931	-43.134	-0.0610	0.0610	0.0000	-0.99805	-0.00232	-0.00134	0.06165
2025-08-06 14:35:55.190	3	-34.385	7.319	-43.121	0.2441	0.0000	-83.9233	-0.99750	-0.00180	-0.00055	0.07007
2025-08-06 14:35:55.336	3	-35.607	1.014	-43.147	0.1221	0.0610	-47.3022	-0.98712	-0.00198	-0.00116	0.15973
2025-08-06 14:35:55.409	3	-35.828	-2.132	-43.121	0.4272	-0.1831	-77.6978	-0.98108	-0.00204	-0.00101	0.19327
2025-08-06 14:35:55.480	3	-35.724	-4.264	-43.134	0.1221	0.0000	-37.9028	-0.97440	-0.00226	-0.00092	0.22455
2025-08-06 14:35:55.549	3	-35.646	-6.292	-43.147	0.1831	0.0000	-38.0859	-0.96799	-0.00211	-0.00061	0.25082
2025-08-06 14:35:55.620	3	-35.334	-8.437	-43.173	0.0610	0.0610	-42.2974	-0.96082	-0.00204	-0.00058	0.27698
2025-08-06 14:35:55.690	3	-34.944	-10.452	-43.160	0.2441	-0.1221	-47.1191	-0.95337	-0.00204	-0.00061	0.30161
2025-08-06 14:35:55.757	3	-34.528	-12.116	-43.160	0.2441	-0.2441	-28.2593	-0.94574	-0.00204	-0.00052	0.32474
2025-08-06 14:35:57.018	3	-33.917	-14.209	-43.056	0.1221	0.0000	-34.8511	-0.93777	-0.00104	-0.00015	0.34705
2025-08-06 14:35:57.371	3	-33.254	-16.120	-43.134	0.0000	0.0610	-28.8086	-0.92792	-0.00089	-0.00018	0.37268
2025-08-06 14:35:57.442	3	-32.084	-18.408	-43.134	0.1221	0.0000	-30.0293	-0.91516	-0.00089	-0.00021	0.40298
2025-08-06 14:35:57.572	3	-30.615	-21.073	-43.160	0.2441	0.0000	-39.9170	-0.89896	-0.00128	-0.00031	0.43793
2025-08-06 14:35:57.711	3	-28.769	-23.920	-43.134	0.3662	0.0610	-49.9878	-0.87906	-0.00125	-0.00012	0.47662
2025-08-06 14:35:57.782	3	-27.430	-25.649	-43.147	0.3052	0.0000	-46.8140	-0.86481	-0.00159	-0.00009	0.50198
2025-08-06 14:35:57.853	3	-25.220	-28.223	-43.069	0.4883	-0.0610	-60.7910	-0.84354	-0.00204	0.00006	0.53696
2025-08-06 14:35:57.925	3	-23.478	-29.978	-43.017	0.4883	-0.0610	-72.0825	-0.82651	-0.00241	0.00034	0.56281
2025-08-06 14:35:57.987	3	-20.943	-32.201	-43.004	0.2441	0.0000	-50.5981	-0.80048	-0.00253	0.00058	0.59927
2025-08-06 14:35:58.059	3	-18.187	-34.203	-43.056	0.5493	0.2441	-53.5889	-0.77515	-0.00211	0.00064	0.63171
2025-08-06 14:35:58.194	3	-14.872	-36.127	-43.017	0.0610	0.0610	-33.0200	-0.74185	-0.00107	0.00079	0.67050
2025-08-06 14:35:58.328	3	-11.466	-37.739	-42.991	0.0610	0.0000	-10.9863	-0.70935	-0.00153	0.00089	0.70477
2025-08-06 14:35:58.468	3	-9.035	-38.636	-42.965	0.0610	0.0000	-21.5454	-0.68561	-0.00116	0.00085	0.72791
2025-08-06 14:35:58.750	3	-2.041	-40.261	-43.030	0.0000	-0.4883	-40.5884	-0.61624	-0.00055	0.00107	0.78748
2025-08-06 14:35:58.817	3	0.130	-40.586	-43.017	0.1831	-0.2441	-56.5796	-0.59677	-0.00055	0.00116	0.80234
2025-08-06 14:35:58.957	3	2.990	-40.820	-43.030	0.2441	0.0610	-29.1138	-0.56464	-0.00058	0.00125	0.82529
2025-08-06 14:35:59.169	3	6.422	-40.846	-42.991	0.2441	0.0000	-46.0205	-0.53094	-0.00055	0.00137	0.84735
2025-08-06 14:35:59.299	3	10.348	-40.495	-42.978	0.0000	-0.1831	-22.8882	-0.48383	-0.00009	0.00150	0.87509
2025-08-06 14:36:01.307	3	8.346	-40.703	-42.952	-0.0610	0.1221	10.6201	-0.49957	0.00150	0.00018	0.86621
2025-08-06 14:36:04.381	3	-19.760	-33.670	-42.835	-0.0610	0.0000	0.0000	-0.77512	0.00095	-0.00073	0.63174
2025-08-06 14:36:05.507	3	-30.264	-22.698	-43.095	-0.6104	0.0000	68.6035	-0.87317	0.00302	-0.00195	0.48734
2025-08-06 14:36:06.137	3	-34.697	3.536	-43.602	-0.9155	0.3662	147.3389	-0.98596	0.00281	-0.00259	0.16666
2025-08-06 14:36:06.208	3	-32.747	9.373	-43.758	-0.5493	0.1831	106.9946	-0.99625	0.00317	-0.00247	0.08591
2025-08-06 14:36:06.276	3	-29.978	14.521	-43.862	-0.6104	0.1221	99.7314	-0.99988	0.00296	-0.00290	0.01025
2025-08-06 14:36:06.666	3	-28.678	16.497	-43.849	-0.5493	0.1831	111.3281	-0.99982	0.00317	-0.00299	-0.01599
2025-08-06 14:36:06.732	3	-3.705	33.033	-43.992	-0.1831	0.3662	23.6206	-0.91458	0.00201	-0.00165	-0.40427
2025-08-06 14:36:06.874	3	0.390	33.683	-44.005	-0.4272	0.2441	54.6875	-0.89523	0.00162	-0.00226	-0.44550
2025-08-06 14:36:07.333	3	10.413	33.566	-44.070	-0.2441	0.1221	27.1606	-0.82690	0.00061	-0.00211	-0.56226
2025-08-06 14:36:07.465	3	13.000	33.176	-43.940	-0.1831	0.1221	33.2642	-0.80646	-0.00015	-0.00183	-0.59119
2025-08-06 14:36:07.992	3	21.723	29.458	-44.525	15.0146	0.5493	30.5786	-0.72910	-0.00543	-0.00632	-0.68430
2025-08-06 14:36:08.052	3	22.022	27.807	-45.591	42.7246	0.4272	8.6670	-0.72266	-0.01593	-0.01608	-0.69077
2025-08-06 14:36:08.555	3	26.598	21.723	-47.346	-1.0986	3.4790	25.8789	-0.67151	-0.04379	-0.04868	-0.73804
2025-08-06 14:36:08.623	3	27.664	20.904	-47.151	-4.4556	3.8452	28.7476	-0.65756	-0.04297	-0.04968	-0.75046
2025-08-06 14:36:08.915	3	28.743	19.786	-47.281	9.5825	3.8452	26.9165	-0.64359	-0.04385	-0.05276	-0.76224
2025-08-06 14:36:08.985	3	33.332	11.440	-47.957	44.8608	7.5073	34.1187	-0.57086	-0.06061	-0.08752	-0.81403
2025-08-06 14:36:09.296	3	38.064	1.560	-46.761	19.9585	5.7373	4.8218	-0.52722	-0.07877	-0.18719	-0.82504
2025-08-06 14:36:09.370	3	37.271	-0.481	-47.476	39.6729	-22.6440	13.1836	-0.52332	-0.09149	-0.19760	-0.82376
2025-08-06 14:36:09.442	3	36.686	-2.444	-47.814	14.2822	-7.5684	20.9351	-0.51410	-0.11066	-0.20639	-0.82507
2025-08-06 14:36:09.514	3	35.243	-5.798	-48.620	48.9502	-24.9023	39.6729	-0.49902	-0.13531	-0.21341	-0.82886
2025-08-06 14:36:09.588	3	33.332	-9.464	-49.270	45.8374	-18.7378	7.6904	-0.48343	-0.16965	-0.22775	-0.82797
2025-08-06 14:36:10.066	3	34.294	-28.353	-40.937	46.4478	-10.7422	-17.0898	-0.45889	-0.28696	-0.42981	-0.72266
2025-08-06 14:36:10.136	3	34.385	-30.212	-39.390	63.4155	-10.4370	-22.2778	-0.46051	-0.30487	-0.45465	-0.69867
2025-08-06 14:36:10.231	3	34.658	-31.850	-37.986	42.4805	-7.1411	-10.2539	-0.45917	-0.32059	-0.47763	-0.67685
2025-08-06 14:36:10.300	3	35.035	-33.891	-35.646	36.2549	-0.4272	-7.9956	-0.45221	-0.33893	-0.50693	-0.65079
2025-08-06 14:36:10.370	3	35.529	-35.464	-33.462	58.3496	1.0376	-7.8735	-0.44476	-0.34985	-0.52914	-0.63220
2025-08-06 14:36:10.438	3	36.153	-36.361	-31.824	52.7954	-6.9580	-18.1274	-0.43982	-0.35953	-0.54947	-0.61258
2025-08-06 14:36:10.540	3	36.777	-36.751	-30.446	36.4380	-4.5166	-20.9961	-0.43900	-0.36966	-0.56891	-0.58896
2025-08-06 14:36:10.611	3	37.765	-37.141	-28.730	20.4468	-2.2583	-12.2681	-0.43552	-0.37564	-0.59000	-0.56656
2025-08-06 14:36:10.680	3	37.843	-38.077	-27.287	37.0483	-1.8921	0.0000	-0.43027	-0.38443	-0.60236	-0.55145
2025-08-06 14:36:10.752	3	37.752	-39.104	-25.324	45.2271	7.6904	7.0190	-0.41913	-0.39441	-0.61490	-0.53900
2025-08-06 14:36:10.841	3	37.492	-40.430	-23.400	39.9170	7.0190	10.9863	-0.40115	-0.40735	-0.62982	-0.52570
2025-08-06 14:36:10.911	3	37.440	-41.275	-21.268	39.0625	0.9766	3.6621	-0.38730	-0.41858	-0.64432	-0.50946
2025-08-06 14:36:10.983	3	37.323	-41.821	-19.708	43.8843	-2.8687	7.3242	-0.37778	-0.42569	-0.65411	-0.49811
2025-08-06 14:36:11.043	3	37.258	-42.458	-18.109	33.4473	-1.2817	2.8076	-0.36658	-0.43668	-0.66483	-0.48251
2025-08-06 14:36:11.135	3	36.985	-43.264	-15.574	63.4155	3.8452	8.7891	-0.35257	-0.44995	-0.67734	-0.46295
2025-08-06 14:36:11.208	3	36.777	-43.888	-12.662	45.9595	10.7422	6.7139	-0.33133	-0.46359	-0.69302	-0.44147
2025-08-06 14:36:11.279	3	36.907	-44.044	-9.347	56.7017	15.3809	-2.8076	-0.30936	-0.47031	-0.71008	-0.42282
2025-08-06 14:36:11.349	3	37.271	-43.784	-6.708	40.5884	5.2490	-5.4321	-0.29059	-0.47595	-0.72638	-0.40161
2025-08-06 14:36:11.507	3	38.025	-42.809	-2.587	48.8281	4.2725	-6.2256	-0.26682	-0.48288	-0.75000	-0.36475
2025-08-06 14:36:11.580	3	38.363	-42.276	-0.559	41.9922	2.9907	-4.9438	-0.25253	-0.48700	-0.76242	-0.34302
2025-08-06 14:36:11.649	3	38.441	-41.496	1.872	47.3022	10.9253	-1.4038	-0.23688	-0.49109	-0.77332	-0.32343
2025-08-06 14:36:11.817	3	38.233	-40.651	5.174	29.4800	2.3193	3.7842	-0.20673	-0.49844	-0.78864	-0.29456
2025-08-06 14:36:11.959	3	38.532	-39.637	7.176	26.5503	-1.5259	2.6855	-0.19290	-0.50485	-0.79745	-0.26801
2025-08-06 14:36:12.161	3	39.130	-37.778	9.906	18.4326	6.5918	-0.7935	-0.17123	-0.50848	-0.81088	-0.23337
2025-08-06 14:36:12.304	3	39.260	-36.621	11.739	23.0713	-1.9531	-0.9766	-0.15704	-0.51077	-0.81808	-0.21231
2025-08-06 14:36:12.446	3	39.533	-35.282	13.065	22.9492	-8.1787	-0.9155	-0.14508	-0.51678	-0.82281	-0.18643
2025-08-06 14:36:12.585	3	39.962	-33.605	14.534	22.3389	-4.5776	-0.3662	-0.13519	-0.52209	-0.82770	-0.15469
2025-08-06 14:36:12.718	3	40.092	-31.798	16.497	32.5928	0.0000	3.8452	-0.11902	-0.52707	-0.83203	-0.12500
2025-08-06 14:36:12.790	3	40.079	-30.784	17.524	28.6865	-0.3662	1.4648	-0.10901	-0.53049	-0.83356	-0.10852
2025-08-06 14:36:12.934	3	39.949	-29.354	18.889	30.9448	-2.6855	2.3804	-0.09543	-0.53479	-0.83490	-0.08798
2025-08-06 14:36:13.003	3	39.065	-28.444	20.514	26.0620	12.2070	15.8691	-0.07843	-0.54166	-0.83392	-0.07010
2025-08-06 14:36:13.145	3	37.921	-27.365	22.425	34.7290	11.7188	15.8081	-0.05618	-0.55563	-0.82806	-0.04834
2025-08-06 14:36:13.235	3	37.869	-26.091	23.270	44.6167	-13.0615	9.3994	-0.04337	-0.56235	-0.82507	-0.03207
2025-08-06 14:36:13.306	3	38.181	-24.297	24.154	28.2593	-6.2866	1.4648	-0.03110	-0.56702	-0.82306	-0.00183
2025-08-06 14:36:13.379	3	39.078	-23.010	24.180	37.1704	-26.8555	1.2817	-0.02780	-0.56854	-0.82196	0.01712
2025-08-06 14:36:13.449	3	39.598	-21.580	24.388	26.1230	-10.3760	1.5259	-0.02411	-0.57010	-0.82007	0.04218
2025-08-06 14:36:13.539	3	40.417	-20.202	24.596	37.8418	-14.2822	-1.5869	-0.01981	-0.57031	-0.81891	0.06009
2025-08-06 14:36:13.610	3	41.366	-18.174	24.583	33.9355	-16.3574	-10.4370	-0.01447	-0.56534	-0.82025	0.08514
2025-08-06 14:36:13.673	3	42.224	-16.575	24.674	31.3110	-11.2915	-4.5166	-0.00931	-0.56107	-0.82104	0.10428
2025-08-06 14:36:13.835	3	42.861	-13.910	25.025	38.8794	-14.2822	4.0283	0.00461	-0.56259	-0.81467	0.14026
2025-08-06 14:36:13.907	3	43.277	-11.180	25.363	65.6738	-10.5591	8.7891	0.01938	-0.56418	-0.80655	0.17529
2025-08-06 14:36:13.980	3	43.446	-9.282	25.662	35.3394	0.0610	0.9766	0.03491	-0.56445	-0.79895	0.20438
2025-08-06 14:36:14.054	3	43.524	-6.903	25.935	51.6968	0.8545	-8.9111	0.04953	-0.56265	-0.79346	0.22647
2025-08-06 14:36:14.206	3	43.342	-4.537	26.338	45.5933	4.7607	-10.4370	0.06641	-0.55725	-0.79114	0.24298
2025-08-06 14:36:14.280	3	41.951	0.624	27.326	33.5693	7.4463	-8.9111	0.11020	-0.54288	-0.78659	0.27255
2025-08-06 14:36:14.432	3	41.405	3.146	27.404	27.8320	4.3335	-3.2349	0.13104	-0.53641	-0.78052	0.29282
2025-08-06 14:36:14.504	3	41.327	5.434	27.144	41.0156	1.8311	-6.4087	0.14725	-0.53146	-0.77350	0.31216
2025-08-06 14:36:14.646	3	41.574	8.060	26.364	23.1934	-4.0283	-2.5024	0.16260	-0.52188	-0.76584	0.33853
2025-08-06 14:36:14.808	3	41.522	10.946	25.441	22.4609	-0.2441	-7.5684	0.17990	-0.51016	-0.75800	0.36429
2025-08-06 14:36:14.875	3	41.340	12.363	25.038	19.1650	-0.7324	-7.4463	0.18790	-0.50409	-0.75565	0.37341
2025-08-06 14:36:15.033	3	40.911	15.106	24.167	25.2686	-9.4604	0.5493	0.20993	-0.49255	-0.74783	0.39236
2025-08-06 14:36:15.101	3	40.976	16.601	23.348	26.9775	1.6479	-8.7891	0.21445	-0.48666	-0.74203	0.40796
2025-08-06 14:36:15.171	3	40.469	18.161	22.880	36.8042	5.9814	-9.1553	0.22742	-0.48026	-0.73621	0.41895
2025-08-06 14:36:15.241	3	39.923	20.345	21.957	44.0674	7.3242	-12.1460	0.24353	-0.47101	-0.72787	0.43463
2025-08-06 14:36:15.342	3	39.702	22.659	20.475	45.4102	1.1597	-7.7515	0.25827	-0.46158	-0.71750	0.45313
2025-08-06 14:36:15.414	3	39.819	26.195	17.238	58.5938	-9.6436	0.4272	0.28171	-0.44257	-0.69565	0.49066
2025-08-06 14:36:15.484	3	39.663	28.340	14.898	67.5659	-5.1270	-3.9673	0.29608	-0.42853	-0.67905	0.51718
2025-08-06 14:36:15.554	3	39.871	29.926	12.740	57.9834	-5.9814	6.7749	0.30841	-0.41833	-0.66315	0.53851
2025-08-06 14:36:15.641	3	39.858	30.940	11.102	53.5278	0.7935	4.9438	0.31812	-0.41104	-0.64795	0.55670
2025-08-06 14:36:15.705	3	40.014	32.565	8.424	43.7012	4.6997	3.1738	0.33429	-0.39987	-0.62103	0.58527
2025-08-06 14:36:15.766	3	40.326	33.072	6.656	44.1895	-3.4180	6.4697	0.34085	-0.39328	-0.60730	0.60016
2025-08-06 14:36:15.838	3	40.521	33.592	4.862	43.0908	-6.5308	9.3384	0.34729	-0.38580	-0.59256	0.61588
2025-08-06 14:36:15.942	3	40.885	34.125	2.431	43.8232	-8.4839	8.9722	0.35388	-0.37585	-0.57416	0.63541
2025-08-06 14:36:16.011	3	41.041	34.827	-0.611	39.4897	-8.5449	1.2817	0.36282	-0.35922	-0.54965	0.66113
2025-08-06 14:36:16.070	3	40.911	35.360	-2.392	39.0625	-7.6294	-5.9204	0.36792	-0.34851	-0.53857	0.67307
2025-08-06 14:36:16.142	3	40.599	35.945	-4.459	35.8276	-4.8828	-2.4414	0.37506	-0.33264	-0.52805	0.68536
2025-08-06 14:36:16.299	3	40.079	36.452	-6.565	31.7993	-12.4512	-7.8735	0.38342	-0.31738	-0.51443	0.69821
2025-08-06 14:36:16.359	3	39.598	36.920	-10.270	34.4849	-4.5776	-2.9297	0.39609	-0.29330	-0.48907	0.71957
2025-08-06 14:36:16.490	3	38.571	37.401	-13.507	29.0527	-11.6577	-11.7188	0.40988	-0.26910	-0.46631	0.73624
2025-08-06 14:36:16.619	3	37.687	37.349	-17.082	39.5508	-5.6763	-5.1270	0.42126	-0.24268	-0.44324	0.75302
2025-08-06 14:36:16.691	3	37.089	37.128	-19.591	51.9409	-9.0332	-8.1787	0.42944	-0.22546	-0.42511	0.76413
2025-08-06 14:36:16.763	3	36.699	36.478	-22.152	39.6118	-5.6152	0.4272	0.43646	-0.20804	-0.40424	0.77634
2025-08-06 14:36:16.896	3	35.854	35.867	-25.025	26.1230	1.9531	-0.2441	0.44708	-0.18448	-0.37894	0.78891
2025-08-06 14:36:17.042	3	35.477	35.269	-26.611	15.9302	-3.4790	-3.4790	0.45493	-0.17075	-0.35764	0.79742
2025-08-06 14:36:17.208	3	34.372	35.022	-28.470	9.6436	0.8545	-5.1270	0.46390	-0.15125	-0.34201	0.80304
2025-08-06 14:36:17.350	3	33.345	34.463	-30.485	26.1841	3.6011	-11.7798	0.47931	-0.13354	-0.31979	0.80624
2025-08-06 14:36:17.509	3	33.462	33.033	-32.123	29.5410	10.6201	-0.6104	0.49084	-0.12436	-0.28769	0.81287
2025-08-06 14:36:17.581	3	34.099	31.863	-33.202	30.3955	14.1602	4.5166	0.49365	-0.11880	-0.26694	0.81903
2025-08-06 14:36:17.735	3	35.048	29.718	-34.671	26.3062	10.3149	3.1738	0.49747	-0.11404	-0.22971	0.82864
2025-08-06 14:36:17.806	3	35.009	28.522	-36.023	28.1982	2.9297	-6.4087	0.50247	-0.10382	-0.20752	0.83282
2025-08-06 14:36:17.879	3	34.749	27.651	-36.985	31.0059	-2.1973	-5.1880	0.50580	-0.09540	-0.19513	0.83478
2025-08-06 14:36:18.091	3	34.684	26.065	-38.441	23.3765	-1.4038	-0.6104	0.51038	-0.08124	-0.17117	0.83878
2025-08-06 14:36:18.164	3	34.281	24.336	-40.157	20.4468	-8.3008	-7.1411	0.51419	-0.06436	-0.14661	0.84253
2025-08-06 14:36:18.237	3	33.826	23.530	-41.041	24.9634	-2.0752	-18.0054	0.52078	-0.05328	-0.13022	0.84195
2025-08-06 14:36:18.308	3	33.020	23.062	-41.951	31.6162	-2.5635	-13.4888	0.53030	-0.04279	-0.11960	0.83817
2025-08-06 14:36:18.438	3	32.175	21.567	-43.381	26.9165	6.9580	-9.5825	0.54459	-0.02487	-0.09250	0.83316
2025-08-06 14:36:18.507	3	32.669	20.436	-43.758	23.5596	12.2681	-4.7607	0.54919	-0.02094	-0.07306	0.83215
2025-08-06 14:36:18.577	3	32.448	19.084	-44.551	45.7153	10.8643	-27.1606	0.55939	-0.01251	-0.04913	0.82730
2025-08-06 14:36:18.717	3	33.826	15.574	-45.461	62.9883	21.6064	-9.3384	0.57300	-0.00052	0.00504	0.81949
2025-08-06 14:36:18.789	3	35.217	9.867	-46.657	155.7007	33.5693	7.1411	0.57236	0.01981	0.05707	0.81772
2025-08-06 14:36:18.860	3	36.205	4.693	-46.956	19.6533	2.8076	3.6011	0.56418	0.05173	0.13086	0.81351
2025-08-06 14:36:19.022	3	37.453	3.016	-46.319	17.3950	8.9111	0.8545	0.56375	0.05161	0.15988	0.80862
2025-08-06 14:36:19.090	3	38.389	0.741	-45.903	61.4014	23.4985	-6.3477	0.56174	0.05948	0.18478	0.80414
2025-08-06 14:36:19.161	3	39.689	-1.768	-45.019	51.8799	29.7241	-1.2207	0.55728	0.06564	0.21863	0.79828
2025-08-06 14:36:19.249	3	41.262	-3.263	-43.810	38.5132	34.3628	-5.8594	0.55334	0.06479	0.24582	0.79315
2025-08-06 14:36:19.321	3	42.978	-4.849	-42.172	17.7002	17.2119	0.3052	0.54581	0.05865	0.28232	0.78665
2025-08-06 14:36:19.392	3	43.732	-5.941	-41.457	34.8511	16.1743	-4.9438	0.54343	0.05936	0.30026	0.78162
2025-08-06 14:36:19.464	3	44.330	-7.566	-40.690	79.1016	4.5166	-32.4707	0.55011	0.06989	0.33389	0.76218
2025-08-06 14:36:19.634	3	43.979	-12.714	-40.027	97.2900	-14.9536	-21.6064	0.57477	0.13394	0.41928	0.68976
2025-08-06 14:36:19.706	3	44.577	-15.717	-38.350	99.6094	9.4604	-6.0425	0.57092	0.15598	0.45587	0.66467
2025-08-06 14:36:19.777	3	44.798	-19.396	-36.517	83.5571	-1.8311	-2.0752	0.56015	0.18680	0.49863	0.63449
2025-08-06 14:36:19.858	3	44.824	-21.086	-35.594	54.3823	4.2725	9.5215	0.55463	0.20209	0.51572	0.62085
2025-08-06 14:36:19.918	3	44.811	-24.453	-33.371	61.0962	5.5542	13.7939	0.53659	0.22797	0.54489	0.60257
2025-08-06 14:36:19.987	3	44.408	-27.638	-31.122	67.5659	3.4790	16.7847	0.51666	0.25620	0.57227	0.58295
2025-08-06 14:36:20.060	3	44.291	-29.900	-28.873	60.3638	5.6763	8.4229	0.50076	0.27777	0.59467	0.56424
2025-08-06 14:36:20.207	3	44.434	-31.200	-27.027	62.3169	7.9956	1.7090	0.48798	0.29117	0.61270	0.54913
2025-08-06 14:36:20.281	3	44.304	-34.489	-22.165	42.2363	6.5308	4.3945	0.45273	0.33380	0.65787	0.50070
2025-08-06 14:36:20.353	3	44.278	-35.230	-20.358	39.3066	6.2866	1.8921	0.44104	0.34433	0.67166	0.48544
2025-08-06 14:36:20.515	3	44.226	-36.049	-18.369	24.9634	-1.4648	2.3804	0.42404	0.36191	0.69031	0.46106
2025-08-06 14:36:20.659	3	44.226	-36.725	-16.081	31.4941	7.0190	1.0986	0.40610	0.37601	0.70761	0.43918
2025-08-06 14:36:20.814	3	43.693	-37.869	-13.182	16.4185	0.1221	2.3804	0.38120	0.39703	0.72400	0.41565
2025-08-06 14:36:20.956	3	43.667	-38.285	-10.244	26.6724	3.9063	-1.6479	0.36096	0.41251	0.73996	0.38974
2025-08-06 14:36:21.103	3	43.693	-38.376	-7.423	37.1094	3.9673	5.2490	0.34164	0.42664	0.75665	0.35867
2025-08-06 14:36:21.173	3	42.939	-38.779	-4.771	67.8711	9.3384	17.7612	0.32697	0.43842	0.76480	0.34036
2025-08-06 14:36:21.246	3	40.417	-40.755	-1.911	28.5645	36.1328	37.2925	0.28793	0.46451	0.76743	0.33502
2025-08-06 14:36:21.420	3	39.624	-41.080	0.455	33.0811	-12.8784	-17.3950	0.26248	0.48541	0.77216	0.31485
2025-08-06 14:36:21.562	3	39.351	-40.378	3.393	32.5928	-0.2441	8.6670	0.24130	0.49982	0.78378	0.27841
2025-08-06 14:36:21.715	3	39.390	-39.702	4.979	17.7002	-1.7090	1.4648	0.22745	0.51151	0.78937	0.25186
2025-08-06 14:36:22.011	3	41.119	-32.682	14.482	66.7114	-10.6201	-7.9346	0.14951	0.48724	0.83972	0.18698
2025-08-06 14:36:22.082	3	41.600	-30.745	15.834	52.4292	-17.9443	5.9204	0.13757	0.49628	0.84445	0.14697
2025-08-06 14:36:22.370	3	39.182	-26.156	22.425	106.7505	17.2729	19.2871	0.07285	0.52078	0.84677	0.07953
2025-08-06 14:36:22.440	3	37.167	-22.867	26.117	114.2578	28.3203	40.0391	0.02426	0.53784	0.84195	0.03418
2025-08-06 14:36:22.511	3	37.284	-19.084	27.781	93.0176	-16.1743	21.4233	-0.00995	0.55737	0.82965	-0.02859
2025-08-06 14:36:22.571	3	37.154	-13.091	29.796	146.9116	4.0283	-3.6621	-0.04449	0.56012	0.82312	-0.08136
2025-08-06 14:36:22.632	3	37.336	-9.321	30.342	85.2661	-14.8315	12.9395	-0.07620	0.55939	0.81500	-0.13013
2025-08-06 14:36:22.703	3	40.378	-5.954	28.509	72.9370	-66.7114	0.7324	-0.07565	0.55493	0.80850	-0.18033
2025-08-06 14:36:22.771	3	45.513	-2.366	24.128	69.7021	-115.8447	-0.6714	-0.05408	0.53848	0.80441	-0.24478
2025-08-06 14:36:22.853	3	48.594	-1.118	20.618	60.1196	-130.9204	15.9302	-0.03159	0.52670	0.79929	-0.28741
2025-08-06 14:36:22.926	3	52.169	7.189	13.949	-3.4790	-56.7627	-97.9004	-0.01501	0.46405	0.80151	-0.37671
2025-08-06 14:36:22.988	3	50.687	15.002	12.051	44.6777	-27.0996	-174.3164	-0.02441	0.40350	0.82944	-0.38400
2025-08-06 14:36:23.059	3	47.918	23.894	8.294	6.8970	-119.1406	-98.5718	-0.05798	0.29086	0.86188	-0.41125
2025-08-06 14:36:23.463	3	47.203	25.168	7.449	94.2383	40.0391	-14.2822	-0.05051	0.28818	0.85217	-0.43372
2025-08-06 14:36:23.532	3	35.308	39.143	-1.599	49.0723	85.0830	-39.6118	-0.30499	0.25745	0.69040	-0.60327
2025-08-06 14:36:23.607	3	32.760	41.158	-5.486	134.7046	52.9785	-21.6675	-0.37061	0.25687	0.63684	-0.62527
2025-08-06 14:36:23.676	3	31.343	41.938	-11.934	131.9580	34.4238	-16.4795	-0.41116	0.23425	0.57822	-0.66455
2025-08-06 14:36:23.756	3	30.901	41.769	-15.041	134.0942	26.4282	-12.4512	-0.43152	0.22003	0.54550	-0.68387
2025-08-06 14:36:23.827	3	29.419	39.338	-25.883	153.2593	23.4985	-15.9912	-0.47958	0.16867	0.44751	-0.73563
2025-08-06 14:36:23.899	3	28.444	36.426	-31.967	143.7378	34.2407	-33.4473	-0.50851	0.13010	0.37613	-0.76349
2025-08-06 14:36:23.972	3	27.313	33.670	-36.322	83.4351	14.5264	-37.1094	-0.54047	0.09726	0.31021	-0.77594
2025-08-06 14:36:24.054	3	27.404	31.954	-38.246	86.0596	34.3018	-23.4985	-0.55588	0.08295	0.28033	-0.77811
2025-08-06 14:36:24.198	3	29.510	22.542	-44.460	87.5244	33.1421	-5.7373	-0.58017	0.03244	0.14771	-0.80026
2025-08-06 14:36:24.270	3	31.057	19.188	-45.487	91.9800	39.3066	-13.6108	-0.58981	0.02237	0.09500	-0.80154
2025-08-06 14:36:24.350	3	31.525	16.913	-46.293	83.6792	21.9116	-12.8784	-0.59570	0.01025	0.05981	-0.80084
2025-08-06 14:36:24.493	3	36.465	2.483	-47.294	84.4116	3.2959	18.5547	-0.59781	-0.04724	-0.11700	-0.79156
2025-08-06 14:36:24.706	3	37.466	-4.719	-46.774	68.9697	13.6719	-4.0283	-0.57715	-0.08621	-0.18457	-0.79074
2025-08-06 14:36:24.780	3	39.689	-9.308	-44.629	60.1807	14.5874	-24.1089	-0.58594	-0.11517	-0.27200	-0.75452
2025-08-06 14:36:24.852	3	40.846	-10.673	-43.498	49.3774	20.0195	-27.0996	-0.59137	-0.12604	-0.30832	-0.73431
2025-08-06 14:36:24.952	3	41.912	-11.999	-42.250	43.7012	15.8691	-10.9253	-0.59296	-0.13199	-0.33969	-0.71799
2025-08-06 14:36:25.024	3	42.029	-14.001	-41.652	49.0112	0.0000	-3.9063	-0.59229	-0.15118	-0.37057	-0.69922
2025-08-06 14:36:25.401	3	41.678	-16.042	-41.262	15.5640	-8.4229	1.0376	-0.59689	-0.18396	-0.41037	-0.66437
2025-08-06 14:36:25.460	3	42.406	-18.317	-39.702	12.4512	4.1504	-0.6104	-0.58728	-0.20630	-0.45154	-0.63919
2025-08-06 14:36:25.612	3	42.510	-19.656	-38.935	10.0708	-3.7842	0.2441	-0.58121	-0.22031	-0.47327	-0.62415
2025-08-06 14:36:25.751	3	41.990	-21.905	-38.272	27.2217	-4.4556	15.9912	-0.57047	-0.23822	-0.48700	-0.61688
2025-08-06 14:36:25.849	3	39.702	-25.675	-38.051	67.1997	-40.2222	52.3071	-0.55896	-0.26944	-0.49493	-0.60818
2025-08-06 14:36:25.908	3	36.777	-30.329	-37.297	50.1099	-28.6865	24.3530	-0.53818	-0.32974	-0.50357	-0.58984
2025-08-06 14:36:25.980	3	36.452	-32.721	-35.308	72.3267	0.9155	1.7090	-0.52744	-0.35355	-0.52051	-0.57077
2025-08-06 14:36:26.225	3	36.465	-39.624	-26.299	49.0723	5.1270	11.6577	-0.46109	-0.41696	-0.59543	-0.50879
2025-08-06 14:36:26.298	3	36.231	-40.716	-24.401	50.2930	1.6479	10.8032	-0.44812	-0.42941	-0.60718	-0.49600
2025-08-06 14:36:26.655	3	38.064	-42.679	-14.560	53.6499	-8.2397	-10.5591	-0.39282	-0.49023	-0.67764	-0.38214
2025-08-06 14:36:26.748	3	38.415	-42.653	-12.688	49.3164	-14.7095	-5.2490	-0.38474	-0.50174	-0.68869	-0.35471
2025-08-06 14:36:26.808	3	38.441	-42.848	-10.582	49.9878	-10.0098	-2.4414	-0.37411	-0.51767	-0.69693	-0.32596
2025-08-06 14:36:26.879	3	38.935	-42.497	-7.345	58.1665	32.8369	-20.1416	-0.35431	-0.52914	-0.70984	-0.30084
2025-08-06 14:36:26.953	3	39.416	-41.860	-3.627	60.9131	15.0146	-7.5684	-0.32660	-0.53207	-0.72980	-0.27835
2025-08-06 14:36:27.201	3	40.482	-37.934	6.669	57.5562	2.3193	-12.2070	-0.23999	-0.53735	-0.78061	-0.21027
2025-08-06 14:36:27.271	3	40.729	-36.465	9.217	51.5747	6.2256	-5.4932	-0.21710	-0.54044	-0.79181	-0.18362
2025-08-06 14:36:27.411	3	40.742	-34.359	12.454	40.3442	2.0752	-4.1504	-0.18488	-0.54739	-0.80231	-0.14957
2025-08-06 14:36:28.470	3	41.639	-33.397	12.597	-27.4048	-38.4521	8.1787	-0.15652	-0.57016	-0.80237	-0.08057
2025-08-06 14:36:28.563	3	41.873	-34.086	11.453	-16.4795	-22.5220	7.9346	-0.17221	-0.57361	-0.79675	-0.07990
2025-08-06 14:36:28.635	3	42.315	-34.723	9.633	-7.7515	-18.0664	-0.6104	-0.18784	-0.57825	-0.79007	-0.07770
2025-08-06 14:36:28.705	3	43.069	-35.217	7.605	-3.2959	-47.3633	9.4604	-0.20752	-0.57996	-0.78455	-0.07040
2025-08-06 14:36:28.777	3	43.264	-35.724	6.266	-9.6436	-23.4375	7.2632	-0.22131	-0.58298	-0.77893	-0.06570
2025-08-06 14:36:28.921	3	43.628	-36.387	3.991	-11.0474	-25.8179	6.2256	-0.24249	-0.58838	-0.76926	-0.05582
2025-08-06 14:36:28.991	3	43.641	-37.089	1.924	-18.2495	-29.2358	12.8174	-0.25943	-0.59146	-0.76157	-0.05243
2025-08-06 14:36:29.051	3	43.316	-37.817	0.637	-17.0898	-17.2119	13.2446	-0.27319	-0.59552	-0.75357	-0.05222
2025-08-06 14:36:29.154	3	42.510	-39.260	-2.093	-33.9355	-30.7617	20.9351	-0.29428	-0.60242	-0.73969	-0.05710
2025-08-06 14:36:29.227	3	41.392	-40.703	-5.005	-14.9536	-19.1040	12.7563	-0.32397	-0.61035	-0.71997	-0.06363
2025-08-06 14:36:29.370	3	41.184	-40.989	-7.449	-9.2773	-8.7891	5.0659	-0.34625	-0.60962	-0.71021	-0.06305
2025-08-06 14:36:29.523	3	40.573	-41.509	-8.723	-5.6152	0.0610	3.2959	-0.35892	-0.61084	-0.70236	-0.06815
2025-08-06 14:36:29.811	3	39.689	-42.185	-9.841	-14.0991	3.6011	3.3569	-0.36816	-0.61072	-0.69608	-0.08267
2025-08-06 14:36:30.751	3	41.132	-41.132	-10.790	23.0713	-19.1040	-23.3765	-0.38107	-0.59549	-0.70209	-0.08441
2025-08-06 14:36:30.821	3	42.926	-39.663	-10.491	41.8701	-24.4751	-43.7622	-0.38318	-0.58868	-0.70923	-0.05917
2025-08-06 14:36:30.893	3	45.110	-37.778	-9.607	61.2793	-31.2500	-46.1426	-0.37781	-0.58109	-0.72055	-0.01718
2025-08-06 14:36:31.020	3	47.879	-34.645	-11.388	34.2407	-48.5229	-32.9590	-0.38837	-0.56747	-0.72360	0.05875
2025-08-06 14:36:31.091	3	49.023	-33.072	-12.623	28.0762	-43.0908	-35.8887	-0.39697	-0.55774	-0.72275	0.09424
2025-08-06 14:36:31.151	3	49.920	-31.720	-14.248	31.0669	-64.2090	-43.1519	-0.40567	-0.54657	-0.72119	0.12823
2025-08-06 14:36:31.311	3	51.142	-29.185	-16.653	25.9399	-66.8945	-59.3872	-0.41904	-0.52618	-0.71982	0.17111
2025-08-06 14:36:31.373	3	50.726	-28.041	-20.904	18.1885	-71.4111	5.8594	-0.43948	-0.50641	-0.70303	0.23666
2025-08-06 14:36:31.435	3	50.570	-27.378	-22.607	4.8828	-35.1563	-19.2871	-0.45425	-0.50021	-0.69037	0.25830
2025-08-06 14:36:31.507	3	51.974	-23.322	-25.064	-38.5742	-52.7954	-97.3511	-0.45874	-0.47302	-0.69751	0.28140
2025-08-06 14:36:31.648	3	49.868	-23.764	-28.769	2.9297	-29.2358	5.4932	-0.49268	-0.44803	-0.68143	0.30344
2025-08-06 14:36:31.716	3	48.685	-24.375	-30.199	6.5308	-25.6958	3.6011	-0.50491	-0.44980	-0.66620	0.31436
2025-08-06 14:36:31.787	3	47.060	-24.570	-32.643	-0.1831	-64.8804	0.0000	-0.51682	-0.44794	-0.64996	0.33121
2025-08-06 14:36:31.855	3	45.383	-24.388	-35.139	-8.8501	-91.4917	-0.7935	-0.53110	-0.44092	-0.63715	0.34271
2025-08-06 14:36:31.927	3	42.523	-23.829	-38.610	-2.2583	-5.9204	0.1831	-0.56784	-0.41794	-0.60828	0.36438
2025-08-06 14:36:32.233	3	42.289	-21.749	-40.131	-57.9834	0.5493	-3.8452	-0.56271	-0.43033	-0.59329	0.38214
2025-08-06 14:36:32.304	3	42.458	-18.421	-41.691	-65.6738	1.4038	-0.7935	-0.58014	-0.40201	-0.61090	0.35852
2025-08-06 14:36:32.377	3	42.419	-15.210	-42.887	-70.0073	0.1221	0.8545	-0.59738	-0.37537	-0.62585	0.33228
2025-08-06 14:36:32.516	3	42.042	-10.153	-44.603	-57.6172	-6.3477	0.1831	-0.61691	-0.34796	-0.63474	0.30875
2025-08-06 14:36:32.588	3	41.990	-7.150	-45.110	-50.8423	0.0610	0.1831	-0.62595	-0.33264	-0.64014	0.29608
2025-08-06 14:36:32.659	3	41.860	-4.888	-45.409	-48.7671	-6.1646	-1.2207	-0.63205	-0.32181	-0.64355	0.28751
2025-08-06 14:36:32.759	3	41.834	-2.015	-45.435	-56.0303	-3.2349	0.0000	-0.63940	-0.30832	-0.64804	0.27573
2025-08-06 14:36:32.833	3	42.042	2.990	-44.811	-78.6133	0.2441	1.4038	-0.64880	-0.28851	-0.65585	0.25595
2025-08-06 14:36:32.903	3	42.107	6.760	-44.005	-83.4961	-0.6104	0.7324	-0.65482	-0.27582	-0.66013	0.24344
2025-08-06 14:36:32.975	3	42.094	9.672	-43.199	-56.0913	-1.0376	1.0376	-0.65900	-0.26852	-0.66113	0.23746
2025-08-06 14:36:33.133	3	42.393	13.130	-41.678	-47.4854	4.2114	1.0376	-0.67154	-0.23282	-0.67368	0.20218
2025-08-06 14:36:33.201	3	42.432	15.496	-40.586	-59.9365	-5.9814	0.9766	-0.66547	-0.25201	-0.66678	0.22119
2025-08-06 14:36:33.271	3	42.536	17.667	-39.338	-51.2695	-1.6479	0.6104	-0.65945	-0.27060	-0.65915	0.23941
2025-08-06 14:36:33.406	3	42.549	19.045	-38.337	-52.7954	1.2817	0.8545	-0.65216	-0.29022	-0.65063	0.25888
2025-08-06 14:36:33.478	3	42.718	21.593	-36.517	-19.2261	-2.9907	0.3662	-0.62415	-0.34924	-0.62332	0.31592
2025-08-06 14:36:33.655	3	42.679	23.660	-34.632	-33.6914	-0.4883	0.7324	-0.59448	-0.40240	-0.58929	0.37048
2025-08-06 14:36:33.728	3	42.809	24.700	-33.657	-18.7988	-1.2207	0.3052	-0.56720	-0.44150	-0.56128	0.41016
2025-08-06 14:36:33.799	3	42.900	25.675	-32.448	-33.9355	0.1221	0.7935	-0.54813	-0.46588	-0.54138	0.43506
2025-08-06 14:36:33.872	3	42.991	26.650	-31.382	-32.4707	-0.1221	0.6104	-0.53375	-0.48312	-0.52582	0.45285
2025-08-06 14:36:34.036	3	43.069	28.119	-29.289	-23.6206	-0.4883	0.3052	-0.48593	-0.53232	-0.47693	0.50293
2025-08-06 14:36:34.108	3	43.251	29.016	-27.911	-36.6821	1.2207	0.8545	-0.46814	-0.54840	-0.45877	0.51913
2025-08-06 14:36:34.180	3	43.498	29.835	-26.156	-43.1519	11.0474	0.6104	-0.44943	-0.56479	-0.44171	0.53271
2025-08-06 14:36:34.321	3	43.810	31.356	-22.724	-43.0908	-0.0610	0.7324	-0.42621	-0.58395	-0.42224	0.54675
2025-08-06 14:36:34.454	3	43.836	32.370	-20.215	-30.8838	1.7700	-0.4883	-0.40195	-0.60104	-0.39688	0.56528
2025-08-06 14:36:34.582	3	43.927	32.916	-18.252	-30.3955	0.6104	0.0000	-0.37668	-0.61734	-0.37112	0.58237
2025-08-06 14:36:34.725	3	43.940	33.475	-15.717	-29.7241	-0.3662	-0.1221	-0.35059	-0.63260	-0.34467	0.59836
2025-08-06 14:36:34.794	3	43.979	34.203	-11.726	-110.1074	0.3662	-0.1831	-0.35806	-0.62848	-0.35126	0.59439
2025-08-06 14:36:34.922	3	44.122	34.229	-9.893	-0.6714	-1.3428	0.0000	-0.34729	-0.63419	-0.33926	0.60165
2025-08-06 14:36:35.060	3	44.239	34.073	-6.799	-45.2271	1.5869	1.0376	-0.32947	-0.64365	-0.32083	0.61166
2025-08-06 14:36:35.232	3	44.434	33.306	-2.548	-46.8750	0.5493	-5.9204	-0.31610	-0.65128	-0.30264	0.61984
2025-08-06 14:36:35.378	3	44.187	33.852	-4.043	21.5454	0.7935	-1.2817	-0.26910	-0.67001	-0.26135	0.64050
2025-08-06 14:36:35.595	3	43.875	33.943	-13.377	73.7915	-0.3662	0.3052	-0.14264	-0.70746	-0.13879	0.67807
