input0
34.000000
input1
0.000000	0.000000	0.000000	0.000000	0.000000	0.000000	0.000000	0.000000	0.000000	0.000000	0.000000	0.000000	0.000000	0.000000	0.000000	0.000000	0.000000	0.000000	0.000000	0.000000	0.000000	0.000000	0.000000	0.000000	0.000000	0.000000	0.000000	0.000000	0.000000	0.000000	0.000000	0.000000	0.000000	0.000000	
input2
0.000000	0.000000	0.000000	0.000000	0.000000	0.000000	0.000000	0.000000	0.000000	0.000000	0.000000	0.000000	0.000000	0.000000	0.000000	0.000000	0.000000	0.000000	0.000000	0.000000	0.000000	0.000000	0.000000	0.000000	0.000000	0.000000	0.000000	0.000000	0.000000	0.000000	0.000000	0.000000	0.000000	0.000000	
input3
0.000000	0.000000	0.000000	0.000000	0.000000	0.000000	0.000000	0.000000	0.000000	0.000000	0.000000	0.000000	0.000000	0.000000	0.000000	0.000000	0.000000	0.000000	0.000000	0.000000	0.000000	0.000000	0.000000	0.000000	0.000000	0.000000	0.000000	0.000000	0.000000	0.000000	0.000000	0.000000	0.000000	0.000000	
input4
9.581000	10.907000	11.635000	13.494000	15.626000	17.628000	19.903000	21.515000	23.491000	25.077000	26.871000	28.457000	29.705000	31.330000	32.916000	33.579000	34.489000	36.348000	36.634000	37.245000	37.011000	37.778000	37.596000	33.241000	31.343000	30.446000	28.886000	27.274000	25.896000	25.207000	23.023000	20.709000	18.590000	15.951000	
input5
39.520000	40.118000	39.377000	38.636000	38.051000	37.700000	37.310000	37.232000	36.400000	36.101000	35.321000	33.891000	32.266000	29.848000	27.391000	25.311000	23.829000	19.175000	17.797000	15.197000	13.000000	9.360000	6.643000	-11.739000	-17.199000	-18.616000	-19.942000	-22.672000	-25.597000	-26.936000	-29.406000	-30.719000	-31.928000	-32.942000	
input6
45.214000	44.460000	45.058000	45.266000	45.071000	44.772000	44.252000	43.641000	43.498000	42.939000	42.679000	43.017000	43.485000	44.473000	45.448000	46.280000	46.852000	48.035000	48.607000	49.400000	50.531000	51.233000	52.117000	56.342000	56.745000	56.407000	56.212000	55.731000	55.237000	54.873000	54.080000	53.781000	53.183000	52.663000	
input7
0.000000	0.000000	0.000000	0.000000	0.000000	0.000000	0.000000	0.000000	0.000000	0.000000	0.000000	0.000000	0.000000	0.000000	0.000000	0.000000	0.000000	0.000000	0.000000	0.000000	0.000000	0.000000	0.000000	0.000000	0.000000	0.000000	0.000000	0.000000	0.000000	0.000000	0.000000	0.000000	0.000000	0.000000	
input8
0.000000	0.000000	0.000000	0.000000	0.000000	0.000000	0.000000	0.000000	0.000000	0.000000	0.000000	0.000000	0.000000	0.000000	0.000000	0.000000	0.000000	0.000000	0.000000	0.000000	0.000000	0.000000	0.000000	0.000000	0.000000	0.000000	0.000000	0.000000	0.000000	0.000000	0.000000	0.000000	0.000000	0.000000	
input9
0.000000	0.000000	0.000000	0.000000	0.000000	0.000000	0.000000	0.000000	0.000000	0.000000	0.000000	0.000000	0.000000	0.000000	0.000000	0.000000	0.000000	0.000000	0.000000	0.000000	0.000000	0.000000	0.000000	0.000000	0.000000	0.000000	0.000000	0.000000	0.000000	0.000000	0.000000	0.000000	0.000000	0.000000	
input10
0.000000	0.000000	0.000000	0.000000	0.000000	0.000000	0.000000	0.000000	0.000000	0.000000	0.000000	0.000000	0.000000	0.000000	0.000000	0.000000	0.000000	0.000000	0.000000	0.000000	0.000000	0.000000	0.000000	0.000000	0.000000	0.000000	0.000000	0.000000	0.000000	0.000000	0.000000	0.000000	0.000000	0.000000	
input11
0.000000	0.000000	0.000000	0.000000	0.000000	0.000000	0.000000	0.000000	0.000000	0.000000	0.000000	0.000000	0.000000	0.000000	0.000000	0.000000	0.000000	0.000000	0.000000	0.000000	0.000000	0.000000	0.000000	0.000000	0.000000	0.000000	0.000000	0.000000	0.000000	0.000000	0.000000	0.000000	0.000000	0.000000	
input12
0.000000	0.000000	0.000000	0.000000	0.000000	0.000000	0.000000	0.000000	0.000000	0.000000	0.000000	0.000000	0.000000	0.000000	0.000000	0.000000	0.000000	0.000000	0.000000	0.000000	0.000000	0.000000	0.000000	0.000000	0.000000	0.000000	0.000000	0.000000	0.000000	0.000000	0.000000	0.000000	0.000000	0.000000	
input13
0.000000	0.000000	0.000000	0.000000	0.000000	0.000000	0.000000	0.000000	0.000000	0.000000	0.000000	0.000000	0.000000	0.000000	0.000000	0.000000	0.000000	0.000000	0.000000	0.000000	0.000000	0.000000	0.000000	0.000000	0.000000	0.000000	0.000000	0.000000	0.000000	0.000000	0.000000	0.000000	0.000000	0.000000	
input14
0.000000	0.000000	0.000000	0.000000	0.000000	0.000000	0.000000	0.000000	0.000000	0.000000	0.000000	0.000000	0.000000	0.000000	0.000000	0.000000	0.000000	0.000000	0.000000	0.000000	0.000000	0.000000	0.000000	0.000000	0.000000	0.000000	0.000000	0.000000	0.000000	0.000000	0.000000	0.000000	0.000000	0.000000	
input15
0.000000	0.000000	0.000000	0.000000	0.000000	0.000000	0.000000	0.000000	0.000000	0.000000	0.000000	0.000000	0.000000	0.000000	0.000000	0.000000	0.000000	0.000000	0.000000	3.000000	
output1
60.810622	60.869600	60.960190	61.023268	61.020042	61.127476	61.207884	61.267071	61.391067	61.448319	61.572077	61.715987	61.761048	62.050945	62.443980	62.530268	62.868293	63.215654	63.414696	63.706348	63.970275	64.339779	64.604724	66.461938	67.068504	66.747764	66.271210	66.059330	66.158411	66.121003	65.722278	65.306321	64.756596	64.132685	
output2
48.813740	49.112820	48.931774	48.798529	48.726146	48.846300	49.000848	49.211323	49.281748	49.465342	49.592633	49.513369	49.276490	49.104585	49.071634	48.769465	48.890434	48.655501	48.641104	48.613724	48.480596	48.561313	48.514338	49.198965	49.850989	49.570099	49.066596	49.002157	49.342494	49.443400	49.291781	48.963241	48.565061	48.077041	
output3
48.813740	49.112820	48.931774	48.798529	48.726146	48.846300	49.000848	49.211323	49.281748	49.465342	49.592633	49.513369	49.276490	49.104585	49.071634	48.769465	48.890434	48.655501	48.641104	48.613724	48.480596	48.561313	48.514338	49.198965	49.850989	49.570099	49.066596	49.002157	49.342494	49.443400	49.291781	48.963241	48.565061	48.077041	
output4
1.000000	0.000000	0.000000	1.000000	0.000000	1.000000	2.990200	-1.138662	19.018280	63.356637	1.831510	3.711868	49.007223	0.310512	0.930182	49.007223	0.310512	0.930182	0.000000	3.000000	