input0
132.000000
input1
0.000000	0.000000	0.000000	0.000000	0.000000	0.000000	0.000000	0.000000	0.000000	0.000000	0.000000	0.000000	0.000000	0.000000	0.000000	0.000000	0.000000	0.000000	0.000000	0.000000	0.000000	0.000000	0.000000	0.000000	0.000000	0.000000	0.000000	0.000000	0.000000	0.000000	0.000000	0.000000	0.000000	0.000000	0.000000	0.000000	0.000000	0.000000	0.000000	0.000000	0.000000	0.000000	0.000000	0.000000	0.000000	0.000000	0.000000	0.000000	0.000000	0.000000	0.000000	0.000000	0.000000	0.000000	0.000000	0.000000	0.000000	0.000000	0.000000	0.000000	0.000000	0.000000	0.000000	0.000000	0.000000	0.000000	0.000000	0.000000	0.000000	0.000000	0.000000	0.000000	0.000000	0.000000	0.000000	0.000000	0.000000	0.000000	0.000000	0.000000	0.000000	0.000000	0.000000	0.000000	0.000000	0.000000	0.000000	0.000000	0.000000	0.000000	0.000000	0.000000	0.000000	0.000000	0.000000	0.000000	0.000000	0.000000	0.000000	0.000000	0.000000	0.000000	0.000000	0.000000	0.000000	0.000000	0.000000	0.000000	0.000000	0.000000	0.000000	0.000000	0.000000	0.000000	0.000000	0.000000	0.000000	0.000000	0.000000	0.000000	0.000000	0.000000	0.000000	0.000000	0.000000	0.000000	0.000000	0.000000	0.000000	0.000000	0.000000	0.000000	
input2
0.000000	0.000000	0.000000	0.000000	0.000000	0.000000	0.000000	0.000000	0.000000	0.000000	0.000000	0.000000	0.000000	0.000000	0.000000	0.000000	0.000000	0.000000	0.000000	0.000000	0.000000	0.000000	0.000000	0.000000	0.000000	0.000000	0.000000	0.000000	0.000000	0.000000	0.000000	0.000000	0.000000	0.000000	0.000000	0.000000	0.000000	0.000000	0.000000	0.000000	0.000000	0.000000	0.000000	0.000000	0.000000	0.000000	0.000000	0.000000	0.000000	0.000000	0.000000	0.000000	0.000000	0.000000	0.000000	0.000000	0.000000	0.000000	0.000000	0.000000	0.000000	0.000000	0.000000	0.000000	0.000000	0.000000	0.000000	0.000000	0.000000	0.000000	0.000000	0.000000	0.000000	0.000000	0.000000	0.000000	0.000000	0.000000	0.000000	0.000000	0.000000	0.000000	0.000000	0.000000	0.000000	0.000000	0.000000	0.000000	0.000000	0.000000	0.000000	0.000000	0.000000	0.000000	0.000000	0.000000	0.000000	0.000000	0.000000	0.000000	0.000000	0.000000	0.000000	0.000000	0.000000	0.000000	0.000000	0.000000	0.000000	0.000000	0.000000	0.000000	0.000000	0.000000	0.000000	0.000000	0.000000	0.000000	0.000000	0.000000	0.000000	0.000000	0.000000	0.000000	0.000000	0.000000	0.000000	0.000000	0.000000	0.000000	0.000000	0.000000	
input3
0.000000	0.000000	0.000000	0.000000	0.000000	0.000000	0.000000	0.000000	0.000000	0.000000	0.000000	0.000000	0.000000	0.000000	0.000000	0.000000	0.000000	0.000000	0.000000	0.000000	0.000000	0.000000	0.000000	0.000000	0.000000	0.000000	0.000000	0.000000	0.000000	0.000000	0.000000	0.000000	0.000000	0.000000	0.000000	0.000000	0.000000	0.000000	0.000000	0.000000	0.000000	0.000000	0.000000	0.000000	0.000000	0.000000	0.000000	0.000000	0.000000	0.000000	0.000000	0.000000	0.000000	0.000000	0.000000	0.000000	0.000000	0.000000	0.000000	0.000000	0.000000	0.000000	0.000000	0.000000	0.000000	0.000000	0.000000	0.000000	0.000000	0.000000	0.000000	0.000000	0.000000	0.000000	0.000000	0.000000	0.000000	0.000000	0.000000	0.000000	0.000000	0.000000	0.000000	0.000000	0.000000	0.000000	0.000000	0.000000	0.000000	0.000000	0.000000	0.000000	0.000000	0.000000	0.000000	0.000000	0.000000	0.000000	0.000000	0.000000	0.000000	0.000000	0.000000	0.000000	0.000000	0.000000	0.000000	0.000000	0.000000	0.000000	0.000000	0.000000	0.000000	0.000000	0.000000	0.000000	0.000000	0.000000	0.000000	0.000000	0.000000	0.000000	0.000000	0.000000	0.000000	0.000000	0.000000	0.000000	0.000000	0.000000	0.000000	0.000000	
input4
9.581000	10.907000	11.635000	13.494000	15.626000	17.628000	19.903000	21.515000	23.491000	25.077000	26.871000	28.457000	29.705000	31.330000	32.916000	33.579000	34.489000	36.348000	36.634000	37.245000	37.011000	37.778000	37.596000	33.241000	31.343000	30.446000	28.886000	27.274000	25.896000	25.207000	23.023000	20.709000	18.590000	15.951000	13.975000	12.051000	9.750000	4.394000	2.691000	-1.118000	-3.042000	-4.524000	-9.867000	-11.466000	-12.701000	-14.222000	-15.561000	-16.263000	-17.433000	-18.564000	-19.825000	-21.697000	-22.750000	-25.155000	-26.468000	-27.547000	-28.665000	-28.938000	-30.498000	-31.824000	-33.709000	-34.281000	-34.476000	-35.997000	-36.218000	-37.388000	-37.986000	-37.583000	-36.049000	-35.477000	-35.178000	-33.852000	-32.240000	-30.368000	-27.755000	-25.701000	-24.050000	-22.074000	-20.397000	-18.044000	-14.872000	-13.234000	-9.035000	-6.136000	-1.690000	1.443000	4.810000	8.281000	10.816000	14.859000	17.199000	18.161000	18.512000	19.318000	18.876000	18.122000	17.407000	13.845000	11.856000	17.576000	21.528000	22.009000	21.489000	18.395000	14.521000	10.569000	4.862000	1.222000	-13.325000	-20.722000	-28.041000	-34.346000	-36.517000	-42.419000	-44.187000	-37.947000	-29.341000	-9.971000	-9.581000	-15.639000	-16.458000	-17.368000	-19.019000	-20.488000	-22.438000	-24.401000	-26.949000	-30.680000	-32.318000	-33.202000	-32.487000	-32.045000	
input5
39.520000	40.118000	39.377000	38.636000	38.051000	37.700000	37.310000	37.232000	36.400000	36.101000	35.321000	33.891000	32.266000	29.848000	27.391000	25.311000	23.829000	19.175000	17.797000	15.197000	13.000000	9.360000	6.643000	-11.739000	-17.199000	-18.616000	-19.942000	-22.672000	-25.597000	-26.936000	-29.406000	-30.719000	-31.928000	-32.942000	-33.956000	-35.100000	-35.373000	-35.113000	-35.178000	-34.671000	-34.996000	-35.204000	-35.139000	-34.918000	-35.295000	-36.959000	-37.856000	-38.987000	-40.131000	-41.483000	-42.406000	-43.121000	-44.122000	-45.461000	-46.176000	-46.605000	-47.086000	-47.593000	-47.515000	-47.450000	-47.086000	-47.554000	-47.801000	-47.086000	-46.748000	-45.682000	-44.278000	-44.031000	-42.939000	-42.276000	-40.872000	-39.091000	-36.946000	-35.217000	-32.851000	-31.135000	-29.744000	-28.054000	-26.962000	-25.272000	-23.465000	-22.360000	-19.955000	-18.785000	-16.991000	-15.522000	-14.261000	-12.441000	-10.712000	-9.919000	-8.580000	-6.734000	-4.810000	-1.651000	3.068000	5.551000	6.708000	12.909000	15.470000	2.730000	-5.005000	-12.090000	-17.420000	-26.780000	-34.385000	-41.860000	-47.463000	-50.401000	-53.937000	-51.558000	-45.526000	-34.879000	-28.418000	-4.134000	-1.183000	-0.390000	-0.728000	23.647000	26.624000	31.629000	30.225000	27.807000	27.937000	28.821000	28.665000	29.328000	30.082000	24.609000	21.073000	17.940000	19.292000	23.933000	
input6
45.214000	44.460000	45.058000	45.266000	45.071000	44.772000	44.252000	43.641000	43.498000	42.939000	42.679000	43.017000	43.485000	44.473000	45.448000	46.280000	46.852000	48.035000	48.607000	49.400000	50.531000	51.233000	52.117000	56.342000	56.745000	56.407000	56.212000	55.731000	55.237000	54.873000	54.080000	53.781000	53.183000	52.663000	51.857000	50.635000	50.609000	51.246000	50.986000	50.869000	49.920000	49.153000	48.074000	47.879000	47.333000	45.968000	44.954000	43.875000	42.367000	40.703000	39.221000	37.453000	35.568000	31.876000	29.458000	27.456000	25.259000	23.829000	22.009000	20.046000	17.654000	14.053000	10.972000	6.708000	4.602000	2.236000	-2.548000	-4.121000	-9.386000	-11.427000	-14.404000	-18.460000	-22.230000	-25.545000	-29.250000	-31.759000	-33.462000	-35.217000	-36.595000	-38.298000	-40.157000	-41.093000	-42.744000	-43.537000	-44.317000	-44.772000	-44.863000	-45.019000	-45.097000	-44.265000	-44.005000	-44.213000	-44.616000	-44.980000	-45.747000	-46.202000	-46.501000	-47.138000	-47.294000	-46.124000	-43.264000	-40.716000	-38.428000	-33.826000	-28.977000	-22.295000	-15.860000	-10.478000	7.059000	16.783000	26.416000	35.958000	40.287000	48.802000	50.245000	58.175000	63.726000	58.071000	55.835000	51.012000	51.831000	53.248000	52.845000	52.104000	51.857000	51.207000	49.738000	50.674000	50.843000	51.064000	51.337000	50.908000	
input7
0.000000	0.000000	0.000000	0.000000	0.000000	0.000000	0.000000	0.000000	0.000000	0.000000	0.000000	0.000000	0.000000	0.000000	0.000000	0.000000	0.000000	0.000000	0.000000	0.000000	0.000000	0.000000	0.000000	0.000000	0.000000	0.000000	0.000000	0.000000	0.000000	0.000000	0.000000	0.000000	0.000000	0.000000	0.000000	0.000000	0.000000	0.000000	0.000000	0.000000	0.000000	0.000000	0.000000	0.000000	0.000000	0.000000	0.000000	0.000000	0.000000	0.000000	0.000000	0.000000	0.000000	0.000000	0.000000	0.000000	0.000000	0.000000	0.000000	0.000000	0.000000	0.000000	0.000000	0.000000	0.000000	0.000000	0.000000	0.000000	0.000000	0.000000	0.000000	0.000000	0.000000	0.000000	0.000000	0.000000	0.000000	0.000000	0.000000	0.000000	0.000000	0.000000	0.000000	0.000000	0.000000	0.000000	0.000000	0.000000	0.000000	0.000000	0.000000	0.000000	0.000000	0.000000	0.000000	0.000000	0.000000	0.000000	0.000000	0.000000	0.000000	0.000000	0.000000	0.000000	0.000000	0.000000	0.000000	0.000000	0.000000	0.000000	0.000000	0.000000	0.000000	0.000000	0.000000	0.000000	0.000000	0.000000	0.000000	0.000000	0.000000	0.000000	0.000000	0.000000	0.000000	0.000000	0.000000	0.000000	0.000000	0.000000	0.000000	0.000000	
input8
0.000000	0.000000	0.000000	0.000000	0.000000	0.000000	0.000000	0.000000	0.000000	0.000000	0.000000	0.000000	0.000000	0.000000	0.000000	0.000000	0.000000	0.000000	0.000000	0.000000	0.000000	0.000000	0.000000	0.000000	0.000000	0.000000	0.000000	0.000000	0.000000	0.000000	0.000000	0.000000	0.000000	0.000000	0.000000	0.000000	0.000000	0.000000	0.000000	0.000000	0.000000	0.000000	0.000000	0.000000	0.000000	0.000000	0.000000	0.000000	0.000000	0.000000	0.000000	0.000000	0.000000	0.000000	0.000000	0.000000	0.000000	0.000000	0.000000	0.000000	0.000000	0.000000	0.000000	0.000000	0.000000	0.000000	0.000000	0.000000	0.000000	0.000000	0.000000	0.000000	0.000000	0.000000	0.000000	0.000000	0.000000	0.000000	0.000000	0.000000	0.000000	0.000000	0.000000	0.000000	0.000000	0.000000	0.000000	0.000000	0.000000	0.000000	0.000000	0.000000	0.000000	0.000000	0.000000	0.000000	0.000000	0.000000	0.000000	0.000000	0.000000	0.000000	0.000000	0.000000	0.000000	0.000000	0.000000	0.000000	0.000000	0.000000	0.000000	0.000000	0.000000	0.000000	0.000000	0.000000	0.000000	0.000000	0.000000	0.000000	0.000000	0.000000	0.000000	0.000000	0.000000	0.000000	0.000000	0.000000	0.000000	0.000000	0.000000	0.000000	
input9
0.000000	0.000000	0.000000	0.000000	0.000000	0.000000	0.000000	0.000000	0.000000	0.000000	0.000000	0.000000	0.000000	0.000000	0.000000	0.000000	0.000000	0.000000	0.000000	0.000000	0.000000	0.000000	0.000000	0.000000	0.000000	0.000000	0.000000	0.000000	0.000000	0.000000	0.000000	0.000000	0.000000	0.000000	0.000000	0.000000	0.000000	0.000000	0.000000	0.000000	0.000000	0.000000	0.000000	0.000000	0.000000	0.000000	0.000000	0.000000	0.000000	0.000000	0.000000	0.000000	0.000000	0.000000	0.000000	0.000000	0.000000	0.000000	0.000000	0.000000	0.000000	0.000000	0.000000	0.000000	0.000000	0.000000	0.000000	0.000000	0.000000	0.000000	0.000000	0.000000	0.000000	0.000000	0.000000	0.000000	0.000000	0.000000	0.000000	0.000000	0.000000	0.000000	0.000000	0.000000	0.000000	0.000000	0.000000	0.000000	0.000000	0.000000	0.000000	0.000000	0.000000	0.000000	0.000000	0.000000	0.000000	0.000000	0.000000	0.000000	0.000000	0.000000	0.000000	0.000000	0.000000	0.000000	0.000000	0.000000	0.000000	0.000000	0.000000	0.000000	0.000000	0.000000	0.000000	0.000000	0.000000	0.000000	0.000000	0.000000	0.000000	0.000000	0.000000	0.000000	0.000000	0.000000	0.000000	0.000000	0.000000	0.000000	0.000000	0.000000	
input10
0.000000	0.000000	0.000000	0.000000	0.000000	0.000000	0.000000	0.000000	0.000000	0.000000	0.000000	0.000000	0.000000	0.000000	0.000000	0.000000	0.000000	0.000000	0.000000	0.000000	0.000000	0.000000	0.000000	0.000000	0.000000	0.000000	0.000000	0.000000	0.000000	0.000000	0.000000	0.000000	0.000000	0.000000	0.000000	0.000000	0.000000	0.000000	0.000000	0.000000	0.000000	0.000000	0.000000	0.000000	0.000000	0.000000	0.000000	0.000000	0.000000	0.000000	0.000000	0.000000	0.000000	0.000000	0.000000	0.000000	0.000000	0.000000	0.000000	0.000000	0.000000	0.000000	0.000000	0.000000	0.000000	0.000000	0.000000	0.000000	0.000000	0.000000	0.000000	0.000000	0.000000	0.000000	0.000000	0.000000	0.000000	0.000000	0.000000	0.000000	0.000000	0.000000	0.000000	0.000000	0.000000	0.000000	0.000000	0.000000	0.000000	0.000000	0.000000	0.000000	0.000000	0.000000	0.000000	0.000000	0.000000	0.000000	0.000000	0.000000	0.000000	0.000000	0.000000	0.000000	0.000000	0.000000	0.000000	0.000000	0.000000	0.000000	0.000000	0.000000	0.000000	0.000000	0.000000	0.000000	0.000000	0.000000	0.000000	0.000000	0.000000	0.000000	0.000000	0.000000	0.000000	0.000000	0.000000	0.000000	0.000000	0.000000	0.000000	0.000000	
input11
0.000000	0.000000	0.000000	0.000000	0.000000	0.000000	0.000000	0.000000	0.000000	0.000000	0.000000	0.000000	0.000000	0.000000	0.000000	0.000000	0.000000	0.000000	0.000000	0.000000	0.000000	0.000000	0.000000	0.000000	0.000000	0.000000	0.000000	0.000000	0.000000	0.000000	0.000000	0.000000	0.000000	0.000000	0.000000	0.000000	0.000000	0.000000	0.000000	0.000000	0.000000	0.000000	0.000000	0.000000	0.000000	0.000000	0.000000	0.000000	0.000000	0.000000	0.000000	0.000000	0.000000	0.000000	0.000000	0.000000	0.000000	0.000000	0.000000	0.000000	0.000000	0.000000	0.000000	0.000000	0.000000	0.000000	0.000000	0.000000	0.000000	0.000000	0.000000	0.000000	0.000000	0.000000	0.000000	0.000000	0.000000	0.000000	0.000000	0.000000	0.000000	0.000000	0.000000	0.000000	0.000000	0.000000	0.000000	0.000000	0.000000	0.000000	0.000000	0.000000	0.000000	0.000000	0.000000	0.000000	0.000000	0.000000	0.000000	0.000000	0.000000	0.000000	0.000000	0.000000	0.000000	0.000000	0.000000	0.000000	0.000000	0.000000	0.000000	0.000000	0.000000	0.000000	0.000000	0.000000	0.000000	0.000000	0.000000	0.000000	0.000000	0.000000	0.000000	0.000000	0.000000	0.000000	0.000000	0.000000	0.000000	0.000000	0.000000	0.000000	
input12
0.000000	0.000000	0.000000	0.000000	0.000000	0.000000	0.000000	0.000000	0.000000	0.000000	0.000000	0.000000	0.000000	0.000000	0.000000	0.000000	0.000000	0.000000	0.000000	0.000000	0.000000	0.000000	0.000000	0.000000	0.000000	0.000000	0.000000	0.000000	0.000000	0.000000	0.000000	0.000000	0.000000	0.000000	0.000000	0.000000	0.000000	0.000000	0.000000	0.000000	0.000000	0.000000	0.000000	0.000000	0.000000	0.000000	0.000000	0.000000	0.000000	0.000000	0.000000	0.000000	0.000000	0.000000	0.000000	0.000000	0.000000	0.000000	0.000000	0.000000	0.000000	0.000000	0.000000	0.000000	0.000000	0.000000	0.000000	0.000000	0.000000	0.000000	0.000000	0.000000	0.000000	0.000000	0.000000	0.000000	0.000000	0.000000	0.000000	0.000000	0.000000	0.000000	0.000000	0.000000	0.000000	0.000000	0.000000	0.000000	0.000000	0.000000	0.000000	0.000000	0.000000	0.000000	0.000000	0.000000	0.000000	0.000000	0.000000	0.000000	0.000000	0.000000	0.000000	0.000000	0.000000	0.000000	0.000000	0.000000	0.000000	0.000000	0.000000	0.000000	0.000000	0.000000	0.000000	0.000000	0.000000	0.000000	0.000000	0.000000	0.000000	0.000000	0.000000	0.000000	0.000000	0.000000	0.000000	0.000000	0.000000	0.000000	0.000000	0.000000	
input13
0.000000	0.000000	0.000000	0.000000	0.000000	0.000000	0.000000	0.000000	0.000000	0.000000	0.000000	0.000000	0.000000	0.000000	0.000000	0.000000	0.000000	0.000000	0.000000	0.000000	0.000000	0.000000	0.000000	0.000000	0.000000	0.000000	0.000000	0.000000	0.000000	0.000000	0.000000	0.000000	0.000000	0.000000	0.000000	0.000000	0.000000	0.000000	0.000000	0.000000	0.000000	0.000000	0.000000	0.000000	0.000000	0.000000	0.000000	0.000000	0.000000	0.000000	0.000000	0.000000	0.000000	0.000000	0.000000	0.000000	0.000000	0.000000	0.000000	0.000000	0.000000	0.000000	0.000000	0.000000	0.000000	0.000000	0.000000	0.000000	0.000000	0.000000	0.000000	0.000000	0.000000	0.000000	0.000000	0.000000	0.000000	0.000000	0.000000	0.000000	0.000000	0.000000	0.000000	0.000000	0.000000	0.000000	0.000000	0.000000	0.000000	0.000000	0.000000	0.000000	0.000000	0.000000	0.000000	0.000000	0.000000	0.000000	0.000000	0.000000	0.000000	0.000000	0.000000	0.000000	0.000000	0.000000	0.000000	0.000000	0.000000	0.000000	0.000000	0.000000	0.000000	0.000000	0.000000	0.000000	0.000000	0.000000	0.000000	0.000000	0.000000	0.000000	0.000000	0.000000	0.000000	0.000000	0.000000	0.000000	0.000000	0.000000	0.000000	0.000000	
input14
0.000000	0.000000	0.000000	0.000000	0.000000	0.000000	0.000000	0.000000	0.000000	0.000000	0.000000	0.000000	0.000000	0.000000	0.000000	0.000000	0.000000	0.000000	0.000000	0.000000	0.000000	0.000000	0.000000	0.000000	0.000000	0.000000	0.000000	0.000000	0.000000	0.000000	0.000000	0.000000	0.000000	0.000000	0.000000	0.000000	0.000000	0.000000	0.000000	0.000000	0.000000	0.000000	0.000000	0.000000	0.000000	0.000000	0.000000	0.000000	0.000000	0.000000	0.000000	0.000000	0.000000	0.000000	0.000000	0.000000	0.000000	0.000000	0.000000	0.000000	0.000000	0.000000	0.000000	0.000000	0.000000	0.000000	0.000000	0.000000	0.000000	0.000000	0.000000	0.000000	0.000000	0.000000	0.000000	0.000000	0.000000	0.000000	0.000000	0.000000	0.000000	0.000000	0.000000	0.000000	0.000000	0.000000	0.000000	0.000000	0.000000	0.000000	0.000000	0.000000	0.000000	0.000000	0.000000	0.000000	0.000000	0.000000	0.000000	0.000000	0.000000	0.000000	0.000000	0.000000	0.000000	0.000000	0.000000	0.000000	0.000000	0.000000	0.000000	0.000000	0.000000	0.000000	0.000000	0.000000	0.000000	0.000000	0.000000	0.000000	0.000000	0.000000	0.000000	0.000000	0.000000	0.000000	0.000000	0.000000	0.000000	0.000000	0.000000	0.000000	
input15
0.000000	0.000000	0.000000	0.000000	0.000000	0.000000	0.000000	0.000000	0.000000	0.000000	0.000000	0.000000	0.000000	0.000000	0.000000	0.000000	0.000000	0.000000	0.000000	3.000000	
output1
60.810622	60.869600	60.960190	61.023268	61.020042	61.127476	61.207884	61.267071	61.391067	61.448319	61.572077	61.715987	61.761048	62.050945	62.443980	62.530268	62.868293	63.215654	63.414696	63.706348	63.970275	64.339779	64.604724	66.461938	67.068504	66.747764	66.271210	66.059330	66.158411	66.121003	65.722278	65.306321	64.756596	64.132685	63.541003	62.778498	62.510659	62.276661	62.002463	61.570962	61.040807	60.628422	60.359063	60.358384	60.394249	60.673635	60.795424	60.905558	60.904592	61.009799	61.070339	61.097526	61.068781	60.955360	60.832161	60.701690	60.636546	60.583189	60.598674	60.548424	60.539671	60.283138	59.949270	59.647906	59.315238	59.073745	58.394947	58.036140	56.845273	56.360039	55.816550	54.907520	53.838624	53.056569	52.010487	51.366952	50.821388	50.145044	49.821492	49.305139	48.829983	48.618340	48.030020	47.812102	47.492596	47.408298	47.320196	47.434837	47.596977	47.734334	48.019392	48.269639	48.542947	48.980724	49.583304	49.938415	50.103332	50.796824	51.152791	49.434725	48.582698	47.836773	47.349179	46.901415	47.253087	48.590435	50.278375	51.493131	56.005224	58.045652	59.638238	60.738539	61.352395	64.792721	66.921226	69.458315	70.160012	63.488916	62.595369	62.025770	62.216308	62.531801	62.727923	62.970112	63.358461	63.856850	64.070617	64.146080	63.824252	63.496051	63.742247	64.740211	
output2
54.815429	55.023220	55.036630	55.099049	55.157008	55.352396	55.556571	55.742191	55.928031	56.101406	56.302016	56.426157	56.416533	56.597652	56.894256	56.864595	57.157396	57.373178	57.505547	57.708479	57.818908	58.123364	58.273963	59.603716	60.182235	59.858956	59.331522	59.137997	59.296506	59.296392	58.934225	58.479639	57.923423	57.265025	56.696148	56.002145	55.671287	55.227956	54.934754	54.410068	53.934772	53.570854	53.362374	53.369827	53.480644	53.992186	54.271639	54.556440	54.778461	55.142183	55.424674	55.706023	55.954689	56.373339	56.597579	56.752829	57.006997	57.166323	57.440869	57.670261	58.000244	58.271223	58.390023	58.705357	58.682605	58.780867	58.815802	58.702790	58.352044	58.199448	58.134575	57.907089	57.504478	57.316859	56.970525	56.808769	56.609467	56.311822	56.267645	56.118107	56.045697	56.035738	55.855402	55.839153	55.759381	55.809294	55.801459	55.978614	56.169526	56.216294	56.455095	56.718785	57.023569	57.471545	58.107261	58.474413	58.652973	59.306073	59.612741	58.018725	56.890943	55.844104	55.040681	53.837196	53.268712	53.284915	53.681470	53.884674	55.264842	55.711414	55.774061	55.382941	55.353159	57.831501	59.977122	61.755418	61.868776	55.446621	54.795774	54.846460	54.914734	55.025704	55.288639	55.661329	56.110257	56.746756	57.179486	57.053063	56.632548	56.207336	56.456248	57.663461	
output3
54.815429	55.023220	55.036630	55.099049	55.157008	55.352396	55.556571	55.742191	55.928031	56.101406	56.302016	56.426157	56.416533	56.597652	56.894256	56.864595	57.157396	57.373178	57.505547	57.708479	57.818908	58.123364	58.273963	59.603716	60.182235	59.858956	59.331522	59.137997	59.296506	59.296392	58.934225	58.479639	57.923423	57.265025	56.696148	56.002145	55.671287	55.227956	54.934754	54.410068	53.934772	53.570854	53.362374	53.369827	53.480644	53.992186	54.271639	54.556440	54.778461	55.142183	55.424674	55.706023	55.954689	56.373339	56.597579	56.752829	57.006997	57.166323	57.440869	57.670261	58.000244	58.271223	58.390023	58.705357	58.682605	58.780867	58.815802	58.702790	58.352044	58.199448	58.134575	57.907089	57.504478	57.316859	56.970525	56.808769	56.609467	56.311822	56.267645	56.118107	56.045697	56.035738	55.855402	55.839153	55.759381	55.809294	55.801459	55.978614	56.169526	56.216294	56.455095	56.718785	57.023569	57.471545	58.107261	58.474413	58.652973	59.306073	59.612741	58.018725	56.890943	55.844104	55.040681	53.837196	53.268712	53.284915	53.681470	53.884674	55.264842	55.711414	55.774061	55.382941	55.353159	57.831501	59.977122	61.755418	61.868776	55.446621	54.795774	54.846460	54.914734	55.025704	55.288639	55.661329	56.110257	56.746756	57.179486	57.053063	56.632548	56.207336	56.456248	57.663461	
output4
1.000000	0.000000	0.000000	1.000000	0.000000	1.000000	-0.820596	-0.134403	8.826277	58.574180	5.319728	11.672766	56.628491	1.393222	5.240285	56.628491	1.393222	5.240285	0.000000	3.000000	