input0
25.000000
input1
0.000000	0.000000	0.000000	0.000000	0.000000	0.000000	0.000000	0.000000	0.000000	0.000000	0.000000	0.000000	0.000000	0.000000	0.000000	0.000000	0.000000	0.000000	0.000000	0.000000	0.000000	0.000000	0.000000	0.000000	0.000000	
input2
0.000000	0.000000	0.000000	0.000000	0.000000	0.000000	0.000000	0.000000	0.000000	0.000000	0.000000	0.000000	0.000000	0.000000	0.000000	0.000000	0.000000	0.000000	0.000000	0.000000	0.000000	0.000000	0.000000	0.000000	0.000000	
input3
0.000000	0.000000	0.000000	0.000000	0.000000	0.000000	0.000000	0.000000	0.000000	0.000000	0.000000	0.000000	0.000000	0.000000	0.000000	0.000000	0.000000	0.000000	0.000000	0.000000	0.000000	0.000000	0.000000	0.000000	0.000000	
input4
9.581000	10.907000	11.635000	13.494000	15.626000	17.628000	19.903000	21.515000	23.491000	25.077000	26.871000	28.457000	29.705000	31.330000	32.916000	33.579000	34.489000	36.348000	36.634000	37.245000	37.011000	37.778000	37.596000	33.241000	31.343000	
input5
39.520000	40.118000	39.377000	38.636000	38.051000	37.700000	37.310000	37.232000	36.400000	36.101000	35.321000	33.891000	32.266000	29.848000	27.391000	25.311000	23.829000	19.175000	17.797000	15.197000	13.000000	9.360000	6.643000	-11.739000	-17.199000	
input6
45.214000	44.460000	45.058000	45.266000	45.071000	44.772000	44.252000	43.641000	43.498000	42.939000	42.679000	43.017000	43.485000	44.473000	45.448000	46.280000	46.852000	48.035000	48.607000	49.400000	50.531000	51.233000	52.117000	56.342000	56.745000	
input7
0.000000	0.000000	0.000000	0.000000	0.000000	0.000000	0.000000	0.000000	0.000000	0.000000	0.000000	0.000000	0.000000	0.000000	0.000000	0.000000	0.000000	0.000000	0.000000	0.000000	0.000000	0.000000	0.000000	0.000000	0.000000	
input8
0.000000	0.000000	0.000000	0.000000	0.000000	0.000000	0.000000	0.000000	0.000000	0.000000	0.000000	0.000000	0.000000	0.000000	0.000000	0.000000	0.000000	0.000000	0.000000	0.000000	0.000000	0.000000	0.000000	0.000000	0.000000	
input9
0.000000	0.000000	0.000000	0.000000	0.000000	0.000000	0.000000	0.000000	0.000000	0.000000	0.000000	0.000000	0.000000	0.000000	0.000000	0.000000	0.000000	0.000000	0.000000	0.000000	0.000000	0.000000	0.000000	0.000000	0.000000	
input10
0.000000	0.000000	0.000000	0.000000	0.000000	0.000000	0.000000	0.000000	0.000000	0.000000	0.000000	0.000000	0.000000	0.000000	0.000000	0.000000	0.000000	0.000000	0.000000	0.000000	0.000000	0.000000	0.000000	0.000000	0.000000	
input11
0.000000	0.000000	0.000000	0.000000	0.000000	0.000000	0.000000	0.000000	0.000000	0.000000	0.000000	0.000000	0.000000	0.000000	0.000000	0.000000	0.000000	0.000000	0.000000	0.000000	0.000000	0.000000	0.000000	0.000000	0.000000	
input12
0.000000	0.000000	0.000000	0.000000	0.000000	0.000000	0.000000	0.000000	0.000000	0.000000	0.000000	0.000000	0.000000	0.000000	0.000000	0.000000	0.000000	0.000000	0.000000	0.000000	0.000000	0.000000	0.000000	0.000000	0.000000	
input13
0.000000	0.000000	0.000000	0.000000	0.000000	0.000000	0.000000	0.000000	0.000000	0.000000	0.000000	0.000000	0.000000	0.000000	0.000000	0.000000	0.000000	0.000000	0.000000	0.000000	0.000000	0.000000	0.000000	0.000000	0.000000	
input14
0.000000	0.000000	0.000000	0.000000	0.000000	0.000000	0.000000	0.000000	0.000000	0.000000	0.000000	0.000000	0.000000	0.000000	0.000000	0.000000	0.000000	0.000000	0.000000	0.000000	0.000000	0.000000	0.000000	0.000000	0.000000	
input15
0.000000	0.000000	0.000000	0.000000	0.000000	0.000000	0.000000	0.000000	0.000000	0.000000	0.000000	0.000000	0.000000	0.000000	0.000000	0.000000	0.000000	0.000000	0.000000	3.000000	
output1
60.810622	60.869600	60.960190	61.023268	61.020042	61.127476	61.207884	61.267071	61.391067	61.448319	61.572077	61.715987	61.761048	62.050945	62.443980	62.530268	62.868293	63.215654	63.414696	63.706348	63.970275	64.339779	64.604724	66.461938	67.068504	
output2
66.695940	66.790901	66.804414	66.779087	66.699542	66.744593	66.754616	66.779581	66.792297	66.793240	66.809801	66.789996	66.662434	66.687188	66.805281	66.678881	66.846352	66.693914	66.746641	66.760776	66.804196	66.781486	66.766834	66.733769	66.772444	
output3
66.695940	66.790901	66.804414	66.779087	66.699542	66.744593	66.754616	66.779581	66.792297	66.793240	66.809801	66.789996	66.662434	66.687188	66.805281	66.678881	66.846352	66.693914	66.746641	66.760776	66.804196	66.781486	66.766834	66.733769	66.772444	
output4
1.000000	0.000000	0.000000	1.000000	0.000000	1.000000	0.295238	-7.158472	-1.511189	62.514002	1.363237	4.554502	66.758968	0.039373	0.096534	66.758968	0.039373	0.096534	0.000000	3.000000	