input0
61.000000
input1
0.000000	0.000000	0.000000	0.000000	0.000000	0.000000	0.000000	0.000000	0.000000	0.000000	0.000000	0.000000	0.000000	0.000000	0.000000	0.000000	0.000000	0.000000	0.000000	0.000000	0.000000	0.000000	0.000000	0.000000	0.000000	0.000000	0.000000	0.000000	0.000000	0.000000	0.000000	0.000000	0.000000	0.000000	0.000000	0.000000	0.000000	0.000000	0.000000	0.000000	0.000000	0.000000	0.000000	0.000000	0.000000	0.000000	0.000000	0.000000	0.000000	0.000000	0.000000	0.000000	0.000000	0.000000	0.000000	0.000000	0.000000	0.000000	0.000000	0.000000	0.000000	
input2
0.000000	0.000000	0.000000	0.000000	0.000000	0.000000	0.000000	0.000000	0.000000	0.000000	0.000000	0.000000	0.000000	0.000000	0.000000	0.000000	0.000000	0.000000	0.000000	0.000000	0.000000	0.000000	0.000000	0.000000	0.000000	0.000000	0.000000	0.000000	0.000000	0.000000	0.000000	0.000000	0.000000	0.000000	0.000000	0.000000	0.000000	0.000000	0.000000	0.000000	0.000000	0.000000	0.000000	0.000000	0.000000	0.000000	0.000000	0.000000	0.000000	0.000000	0.000000	0.000000	0.000000	0.000000	0.000000	0.000000	0.000000	0.000000	0.000000	0.000000	0.000000	
input3
0.000000	0.000000	0.000000	0.000000	0.000000	0.000000	0.000000	0.000000	0.000000	0.000000	0.000000	0.000000	0.000000	0.000000	0.000000	0.000000	0.000000	0.000000	0.000000	0.000000	0.000000	0.000000	0.000000	0.000000	0.000000	0.000000	0.000000	0.000000	0.000000	0.000000	0.000000	0.000000	0.000000	0.000000	0.000000	0.000000	0.000000	0.000000	0.000000	0.000000	0.000000	0.000000	0.000000	0.000000	0.000000	0.000000	0.000000	0.000000	0.000000	0.000000	0.000000	0.000000	0.000000	0.000000	0.000000	0.000000	0.000000	0.000000	0.000000	0.000000	0.000000	
input4
-33.878000	-30.394000	-29.510000	-28.392000	-27.261000	-25.896000	-24.336000	-22.529000	-21.021000	-19.240000	-17.875000	-16.146000	-13.988000	-12.623000	-10.712000	-8.294000	-6.175000	-3.640000	-1.430000	1.378000	4.121000	9.737000	11.895000	15.119000	17.238000	19.968000	21.957000	25.428000	26.975000	29.263000	31.148000	32.604000	33.878000	34.840000	37.479000	38.519000	39.494000	40.469000	41.834000	42.328000	42.666000	42.991000	43.186000	43.108000	42.861000	42.445000	40.534000	37.661000	37.128000	36.361000	35.490000	34.164000	33.098000	30.862000	28.509000	27.066000	25.610000	22.724000	20.930000	19.175000	16.757000	
input5
-22.256000	-24.479000	-25.675000	-27.079000	-28.366000	-29.861000	-31.109000	-32.734000	-33.891000	-34.931000	-35.750000	-36.582000	-37.557000	-38.194000	-38.857000	-39.598000	-40.157000	-40.807000	-41.236000	-41.535000	-41.691000	-41.379000	-41.054000	-40.274000	-39.637000	-38.688000	-37.778000	-35.867000	-34.684000	-33.137000	-31.421000	-29.952000	-28.548000	-27.352000	-23.686000	-22.022000	-20.020000	-17.680000	-13.260000	-11.284000	-9.685000	-6.669000	-2.665000	-0.715000	1.599000	4.082000	10.257000	15.769000	17.199000	18.343000	19.682000	21.320000	22.568000	24.726000	26.741000	27.742000	28.821000	30.498000	31.356000	32.006000	32.760000	
input6
-37.011000	-42.380000	-42.328000	-42.354000	-42.289000	-42.289000	-42.276000	-42.263000	-42.315000	-42.341000	-42.354000	-42.458000	-42.458000	-42.458000	-42.510000	-42.549000	-42.588000	-42.562000	-42.536000	-42.523000	-42.458000	-42.458000	-42.614000	-42.497000	-42.666000	-42.484000	-42.575000	-42.692000	-42.640000	-42.666000	-42.822000	-42.692000	-42.757000	-42.744000	-42.822000	-42.926000	-42.952000	-43.017000	-43.147000	-43.134000	-43.069000	-43.186000	-43.199000	-43.225000	-43.238000	-43.290000	-43.433000	-43.550000	-43.277000	-43.472000	-43.433000	-43.459000	-43.472000	-43.485000	-43.511000	-43.498000	-43.511000	-43.511000	-43.524000	-43.563000	-43.563000	
input7
0.000000	0.000000	0.000000	0.000000	0.000000	0.000000	0.000000	0.000000	0.000000	0.000000	0.000000	0.000000	0.000000	0.000000	0.000000	0.000000	0.000000	0.000000	0.000000	0.000000	0.000000	0.000000	0.000000	0.000000	0.000000	0.000000	0.000000	0.000000	0.000000	0.000000	0.000000	0.000000	0.000000	0.000000	0.000000	0.000000	0.000000	0.000000	0.000000	0.000000	0.000000	0.000000	0.000000	0.000000	0.000000	0.000000	0.000000	0.000000	0.000000	0.000000	0.000000	0.000000	0.000000	0.000000	0.000000	0.000000	0.000000	0.000000	0.000000	0.000000	0.000000	
input8
0.000000	0.000000	0.000000	0.000000	0.000000	0.000000	0.000000	0.000000	0.000000	0.000000	0.000000	0.000000	0.000000	0.000000	0.000000	0.000000	0.000000	0.000000	0.000000	0.000000	0.000000	0.000000	0.000000	0.000000	0.000000	0.000000	0.000000	0.000000	0.000000	0.000000	0.000000	0.000000	0.000000	0.000000	0.000000	0.000000	0.000000	0.000000	0.000000	0.000000	0.000000	0.000000	0.000000	0.000000	0.000000	0.000000	0.000000	0.000000	0.000000	0.000000	0.000000	0.000000	0.000000	0.000000	0.000000	0.000000	0.000000	0.000000	0.000000	0.000000	0.000000	
input9
0.000000	0.000000	0.000000	0.000000	0.000000	0.000000	0.000000	0.000000	0.000000	0.000000	0.000000	0.000000	0.000000	0.000000	0.000000	0.000000	0.000000	0.000000	0.000000	0.000000	0.000000	0.000000	0.000000	0.000000	0.000000	0.000000	0.000000	0.000000	0.000000	0.000000	0.000000	0.000000	0.000000	0.000000	0.000000	0.000000	0.000000	0.000000	0.000000	0.000000	0.000000	0.000000	0.000000	0.000000	0.000000	0.000000	0.000000	0.000000	0.000000	0.000000	0.000000	0.000000	0.000000	0.000000	0.000000	0.000000	0.000000	0.000000	0.000000	0.000000	0.000000	
input10
0.000000	0.000000	0.000000	0.000000	0.000000	0.000000	0.000000	0.000000	0.000000	0.000000	0.000000	0.000000	0.000000	0.000000	0.000000	0.000000	0.000000	0.000000	0.000000	0.000000	0.000000	0.000000	0.000000	0.000000	0.000000	0.000000	0.000000	0.000000	0.000000	0.000000	0.000000	0.000000	0.000000	0.000000	0.000000	0.000000	0.000000	0.000000	0.000000	0.000000	0.000000	0.000000	0.000000	0.000000	0.000000	0.000000	0.000000	0.000000	0.000000	0.000000	0.000000	0.000000	0.000000	0.000000	0.000000	0.000000	0.000000	0.000000	0.000000	0.000000	0.000000	
input11
0.000000	0.000000	0.000000	0.000000	0.000000	0.000000	0.000000	0.000000	0.000000	0.000000	0.000000	0.000000	0.000000	0.000000	0.000000	0.000000	0.000000	0.000000	0.000000	0.000000	0.000000	0.000000	0.000000	0.000000	0.000000	0.000000	0.000000	0.000000	0.000000	0.000000	0.000000	0.000000	0.000000	0.000000	0.000000	0.000000	0.000000	0.000000	0.000000	0.000000	0.000000	0.000000	0.000000	0.000000	0.000000	0.000000	0.000000	0.000000	0.000000	0.000000	0.000000	0.000000	0.000000	0.000000	0.000000	0.000000	0.000000	0.000000	0.000000	0.000000	0.000000	
input12
0.000000	0.000000	0.000000	0.000000	0.000000	0.000000	0.000000	0.000000	0.000000	0.000000	0.000000	0.000000	0.000000	0.000000	0.000000	0.000000	0.000000	0.000000	0.000000	0.000000	0.000000	0.000000	0.000000	0.000000	0.000000	0.000000	0.000000	0.000000	0.000000	0.000000	0.000000	0.000000	0.000000	0.000000	0.000000	0.000000	0.000000	0.000000	0.000000	0.000000	0.000000	0.000000	0.000000	0.000000	0.000000	0.000000	0.000000	0.000000	0.000000	0.000000	0.000000	0.000000	0.000000	0.000000	0.000000	0.000000	0.000000	0.000000	0.000000	0.000000	0.000000	
input13
0.000000	0.000000	0.000000	0.000000	0.000000	0.000000	0.000000	0.000000	0.000000	0.000000	0.000000	0.000000	0.000000	0.000000	0.000000	0.000000	0.000000	0.000000	0.000000	0.000000	0.000000	0.000000	0.000000	0.000000	0.000000	0.000000	0.000000	0.000000	0.000000	0.000000	0.000000	0.000000	0.000000	0.000000	0.000000	0.000000	0.000000	0.000000	0.000000	0.000000	0.000000	0.000000	0.000000	0.000000	0.000000	0.000000	0.000000	0.000000	0.000000	0.000000	0.000000	0.000000	0.000000	0.000000	0.000000	0.000000	0.000000	0.000000	0.000000	0.000000	0.000000	
input14
0.000000	0.000000	0.000000	0.000000	0.000000	0.000000	0.000000	0.000000	0.000000	0.000000	0.000000	0.000000	0.000000	0.000000	0.000000	0.000000	0.000000	0.000000	0.000000	0.000000	0.000000	0.000000	0.000000	0.000000	0.000000	0.000000	0.000000	0.000000	0.000000	0.000000	0.000000	0.000000	0.000000	0.000000	0.000000	0.000000	0.000000	0.000000	0.000000	0.000000	0.000000	0.000000	0.000000	0.000000	0.000000	0.000000	0.000000	0.000000	0.000000	0.000000	0.000000	0.000000	0.000000	0.000000	0.000000	0.000000	0.000000	0.000000	0.000000	0.000000	0.000000	
input15
0.000000	0.000000	0.000000	0.000000	0.000000	0.000000	0.000000	0.000000	0.000000	0.000000	0.000000	0.000000	0.000000	0.000000	0.000000	0.000000	0.000000	0.000000	0.000000	3.000000	
output1
54.889549	57.611467	57.634237	57.734212	57.759429	57.884727	57.855604	58.010618	58.146724	58.164531	58.236066	58.323390	58.385565	58.487636	58.580829	58.712941	58.859604	59.076092	59.260137	59.458058	59.647329	60.080884	60.356234	60.469614	60.734076	60.830688	61.007522	61.283209	61.227445	61.439169	61.572728	61.504065	61.570027	61.554911	61.639482	61.735916	61.688336	61.650504	61.543276	61.477884	61.393204	61.300345	61.141528	61.050893	60.902765	60.764009	60.287948	59.696020	59.558314	59.568471	59.441961	59.248679	59.115201	58.777405	58.489754	58.260303	58.135439	57.790270	57.581266	57.356775	57.024114	
output2
47.902899	48.993212	48.893210	48.829068	48.710151	48.658564	48.425748	48.369732	48.324038	48.128469	48.049045	47.929662	47.767584	47.740473	47.639463	47.543538	47.501924	47.527662	47.554522	47.553517	47.572945	47.670024	47.809454	47.769624	47.915327	47.926513	48.013825	48.157940	48.047262	48.214310	48.285177	48.206865	48.251062	48.228975	48.317348	48.423267	48.395212	48.387930	48.365528	48.364830	48.345840	48.346883	48.366829	48.368054	48.336757	48.329681	48.217698	48.013287	48.057636	48.142160	48.150457	48.112236	48.107254	48.003826	47.960661	47.865221	47.895412	47.818148	47.762720	47.665454	47.512998	
output3
47.902899	48.993212	48.893210	48.829068	48.710151	48.658564	48.425748	48.369732	48.324038	48.128469	48.049045	47.929662	47.767584	47.740473	47.639463	47.543538	47.501924	47.527662	47.554522	47.553517	47.572945	47.670024	47.809454	47.769624	47.915327	47.926513	48.013825	48.157940	48.047262	48.214310	48.285177	48.206865	48.251062	48.228975	48.317348	48.423267	48.395212	48.387930	48.365528	48.364830	48.345840	48.346883	48.366829	48.368054	48.336757	48.329681	48.217698	48.013287	48.057636	48.142160	48.150457	48.112236	48.107254	48.003826	47.960661	47.865221	47.895412	47.818148	47.762720	47.665454	47.512998	
output4
1.000000	0.000000	0.000000	1.000000	0.000000	1.000000	3.960001	-2.910431	-14.903932	59.556875	1.376083	4.667326	48.094182	0.286579	0.899030	48.094182	0.286579	0.899030	0.000000	3.000000	