input0
24.000000
input1
0.000000	0.000000	0.000000	0.000000	0.000000	0.000000	0.000000	0.000000	0.000000	0.000000	0.000000	0.000000	0.000000	0.000000	0.000000	0.000000	0.000000	0.000000	0.000000	0.000000	0.000000	0.000000	0.000000	0.000000	
input2
0.000000	0.000000	0.000000	0.000000	0.000000	0.000000	0.000000	0.000000	0.000000	0.000000	0.000000	0.000000	0.000000	0.000000	0.000000	0.000000	0.000000	0.000000	0.000000	0.000000	0.000000	0.000000	0.000000	0.000000	
input3
0.000000	0.000000	0.000000	0.000000	0.000000	0.000000	0.000000	0.000000	0.000000	0.000000	0.000000	0.000000	0.000000	0.000000	0.000000	0.000000	0.000000	0.000000	0.000000	0.000000	0.000000	0.000000	0.000000	0.000000	
input4
-33.878000	-30.394000	-29.510000	-28.392000	-27.261000	-25.896000	-24.336000	-22.529000	-21.021000	-19.240000	-17.875000	-16.146000	-13.988000	-12.623000	-10.712000	-8.294000	-6.175000	-3.640000	-1.430000	1.378000	4.121000	9.737000	11.895000	15.119000	
input5
-22.256000	-24.479000	-25.675000	-27.079000	-28.366000	-29.861000	-31.109000	-32.734000	-33.891000	-34.931000	-35.750000	-36.582000	-37.557000	-38.194000	-38.857000	-39.598000	-40.157000	-40.807000	-41.236000	-41.535000	-41.691000	-41.379000	-41.054000	-40.274000	
input6
-37.011000	-42.380000	-42.328000	-42.354000	-42.289000	-42.289000	-42.276000	-42.263000	-42.315000	-42.341000	-42.354000	-42.458000	-42.458000	-42.458000	-42.510000	-42.549000	-42.588000	-42.562000	-42.536000	-42.523000	-42.458000	-42.458000	-42.614000	-42.497000	
input7
0.000000	0.000000	0.000000	0.000000	0.000000	0.000000	0.000000	0.000000	0.000000	0.000000	0.000000	0.000000	0.000000	0.000000	0.000000	0.000000	0.000000	0.000000	0.000000	0.000000	0.000000	0.000000	0.000000	0.000000	
input8
0.000000	0.000000	0.000000	0.000000	0.000000	0.000000	0.000000	0.000000	0.000000	0.000000	0.000000	0.000000	0.000000	0.000000	0.000000	0.000000	0.000000	0.000000	0.000000	0.000000	0.000000	0.000000	0.000000	0.000000	
input9
0.000000	0.000000	0.000000	0.000000	0.000000	0.000000	0.000000	0.000000	0.000000	0.000000	0.000000	0.000000	0.000000	0.000000	0.000000	0.000000	0.000000	0.000000	0.000000	0.000000	0.000000	0.000000	0.000000	0.000000	
input10
0.000000	0.000000	0.000000	0.000000	0.000000	0.000000	0.000000	0.000000	0.000000	0.000000	0.000000	0.000000	0.000000	0.000000	0.000000	0.000000	0.000000	0.000000	0.000000	0.000000	0.000000	0.000000	0.000000	0.000000	
input11
0.000000	0.000000	0.000000	0.000000	0.000000	0.000000	0.000000	0.000000	0.000000	0.000000	0.000000	0.000000	0.000000	0.000000	0.000000	0.000000	0.000000	0.000000	0.000000	0.000000	0.000000	0.000000	0.000000	0.000000	
input12
0.000000	0.000000	0.000000	0.000000	0.000000	0.000000	0.000000	0.000000	0.000000	0.000000	0.000000	0.000000	0.000000	0.000000	0.000000	0.000000	0.000000	0.000000	0.000000	0.000000	0.000000	0.000000	0.000000	0.000000	
input13
0.000000	0.000000	0.000000	0.000000	0.000000	0.000000	0.000000	0.000000	0.000000	0.000000	0.000000	0.000000	0.000000	0.000000	0.000000	0.000000	0.000000	0.000000	0.000000	0.000000	0.000000	0.000000	0.000000	0.000000	
input14
0.000000	0.000000	0.000000	0.000000	0.000000	0.000000	0.000000	0.000000	0.000000	0.000000	0.000000	0.000000	0.000000	0.000000	0.000000	0.000000	0.000000	0.000000	0.000000	0.000000	0.000000	0.000000	0.000000	0.000000	
input15
0.000000	0.000000	0.000000	0.000000	0.000000	0.000000	0.000000	0.000000	0.000000	0.000000	0.000000	0.000000	0.000000	0.000000	0.000000	0.000000	0.000000	0.000000	0.000000	3.000000	
output1
54.889549	57.611467	57.634237	57.734212	57.759429	57.884727	57.855604	58.010618	58.146724	58.164531	58.236066	58.323390	58.385565	58.487636	58.580829	58.712941	58.859604	59.076092	59.260137	59.458058	59.647329	60.080884	60.356234	60.469614	
output2
46.495872	46.384993	46.423740	46.500778	46.531759	46.637283	46.527498	46.643212	46.700739	46.594653	46.590834	46.519267	46.445067	46.478164	46.419183	46.373506	46.365320	46.450650	46.514509	46.525862	46.556464	46.568715	46.611927	46.483944	
output3
46.495872	46.384993	46.423740	46.500778	46.531759	46.637283	46.527498	46.643212	46.700739	46.594653	46.590834	46.519267	46.445067	46.478164	46.419183	46.373506	46.365320	46.450650	46.514509	46.525862	46.556464	46.568715	46.611927	46.483944	
output4
1.000000	0.000000	0.000000	1.000000	0.000000	1.000000	4.384106	2.444844	-27.643736	58.484395	0.805085	3.594846	46.514331	0.069702	0.186408	46.514331	0.069702	0.186408	0.000000	3.000000	