input0
113.000000
input1
0.000000	0.000000	0.000000	0.000000	0.000000	0.000000	0.000000	0.000000	0.000000	0.000000	0.000000	0.000000	0.000000	0.000000	0.000000	0.000000	0.000000	0.000000	0.000000	0.000000	0.000000	0.000000	0.000000	0.000000	0.000000	0.000000	0.000000	0.000000	0.000000	0.000000	0.000000	0.000000	0.000000	0.000000	0.000000	0.000000	0.000000	0.000000	0.000000	0.000000	0.000000	0.000000	0.000000	0.000000	0.000000	0.000000	0.000000	0.000000	0.000000	0.000000	0.000000	0.000000	0.000000	0.000000	0.000000	0.000000	0.000000	0.000000	0.000000	0.000000	0.000000	0.000000	0.000000	0.000000	0.000000	0.000000	0.000000	0.000000	0.000000	0.000000	0.000000	0.000000	0.000000	0.000000	0.000000	0.000000	0.000000	0.000000	0.000000	0.000000	0.000000	0.000000	0.000000	0.000000	0.000000	0.000000	0.000000	0.000000	0.000000	0.000000	0.000000	0.000000	0.000000	0.000000	0.000000	0.000000	0.000000	0.000000	0.000000	0.000000	0.000000	0.000000	0.000000	0.000000	0.000000	0.000000	0.000000	0.000000	0.000000	0.000000	0.000000	0.000000	0.000000	
input2
0.000000	0.000000	0.000000	0.000000	0.000000	0.000000	0.000000	0.000000	0.000000	0.000000	0.000000	0.000000	0.000000	0.000000	0.000000	0.000000	0.000000	0.000000	0.000000	0.000000	0.000000	0.000000	0.000000	0.000000	0.000000	0.000000	0.000000	0.000000	0.000000	0.000000	0.000000	0.000000	0.000000	0.000000	0.000000	0.000000	0.000000	0.000000	0.000000	0.000000	0.000000	0.000000	0.000000	0.000000	0.000000	0.000000	0.000000	0.000000	0.000000	0.000000	0.000000	0.000000	0.000000	0.000000	0.000000	0.000000	0.000000	0.000000	0.000000	0.000000	0.000000	0.000000	0.000000	0.000000	0.000000	0.000000	0.000000	0.000000	0.000000	0.000000	0.000000	0.000000	0.000000	0.000000	0.000000	0.000000	0.000000	0.000000	0.000000	0.000000	0.000000	0.000000	0.000000	0.000000	0.000000	0.000000	0.000000	0.000000	0.000000	0.000000	0.000000	0.000000	0.000000	0.000000	0.000000	0.000000	0.000000	0.000000	0.000000	0.000000	0.000000	0.000000	0.000000	0.000000	0.000000	0.000000	0.000000	0.000000	0.000000	0.000000	0.000000	0.000000	0.000000	
input3
0.000000	0.000000	0.000000	0.000000	0.000000	0.000000	0.000000	0.000000	0.000000	0.000000	0.000000	0.000000	0.000000	0.000000	0.000000	0.000000	0.000000	0.000000	0.000000	0.000000	0.000000	0.000000	0.000000	0.000000	0.000000	0.000000	0.000000	0.000000	0.000000	0.000000	0.000000	0.000000	0.000000	0.000000	0.000000	0.000000	0.000000	0.000000	0.000000	0.000000	0.000000	0.000000	0.000000	0.000000	0.000000	0.000000	0.000000	0.000000	0.000000	0.000000	0.000000	0.000000	0.000000	0.000000	0.000000	0.000000	0.000000	0.000000	0.000000	0.000000	0.000000	0.000000	0.000000	0.000000	0.000000	0.000000	0.000000	0.000000	0.000000	0.000000	0.000000	0.000000	0.000000	0.000000	0.000000	0.000000	0.000000	0.000000	0.000000	0.000000	0.000000	0.000000	0.000000	0.000000	0.000000	0.000000	0.000000	0.000000	0.000000	0.000000	0.000000	0.000000	0.000000	0.000000	0.000000	0.000000	0.000000	0.000000	0.000000	0.000000	0.000000	0.000000	0.000000	0.000000	0.000000	0.000000	0.000000	0.000000	0.000000	0.000000	0.000000	0.000000	0.000000	
input4
-33.878000	-30.394000	-29.510000	-28.392000	-27.261000	-25.896000	-24.336000	-22.529000	-21.021000	-19.240000	-17.875000	-16.146000	-13.988000	-12.623000	-10.712000	-8.294000	-6.175000	-3.640000	-1.430000	1.378000	4.121000	9.737000	11.895000	15.119000	17.238000	19.968000	21.957000	25.428000	26.975000	29.263000	31.148000	32.604000	33.878000	34.840000	37.479000	38.519000	39.494000	40.469000	41.834000	42.328000	42.666000	42.991000	43.186000	43.108000	42.861000	42.445000	40.534000	37.661000	37.128000	36.361000	35.490000	34.164000	33.098000	30.862000	28.509000	27.066000	25.610000	22.724000	20.930000	19.175000	16.757000	14.729000	8.632000	6.565000	4.017000	1.547000	-1.053000	-2.756000	-5.408000	-7.527000	-9.282000	-10.738000	-13.169000	-16.172000	-20.254000	-23.049000	-24.349000	-25.766000	-27.274000	-28.548000	-29.887000	-31.824000	-33.124000	-33.709000	-34.385000	-35.607000	-35.828000	-35.724000	-35.646000	-35.334000	-34.944000	-34.528000	-33.917000	-33.254000	-32.084000	-30.615000	-28.769000	-27.430000	-25.220000	-23.478000	-20.943000	-18.187000	-14.872000	-11.466000	-9.035000	-2.041000	0.130000	2.990000	6.422000	10.348000	8.346000	-19.760000	-30.264000	
input5
-22.256000	-24.479000	-25.675000	-27.079000	-28.366000	-29.861000	-31.109000	-32.734000	-33.891000	-34.931000	-35.750000	-36.582000	-37.557000	-38.194000	-38.857000	-39.598000	-40.157000	-40.807000	-41.236000	-41.535000	-41.691000	-41.379000	-41.054000	-40.274000	-39.637000	-38.688000	-37.778000	-35.867000	-34.684000	-33.137000	-31.421000	-29.952000	-28.548000	-27.352000	-23.686000	-22.022000	-20.020000	-17.680000	-13.260000	-11.284000	-9.685000	-6.669000	-2.665000	-0.715000	1.599000	4.082000	10.257000	15.769000	17.199000	18.343000	19.682000	21.320000	22.568000	24.726000	26.741000	27.742000	28.821000	30.498000	31.356000	32.006000	32.760000	33.345000	34.528000	34.580000	34.697000	34.567000	34.320000	33.904000	33.488000	32.890000	32.175000	31.525000	30.498000	29.081000	26.676000	24.453000	23.374000	22.009000	20.215000	18.629000	16.744000	13.507000	10.855000	8.931000	7.319000	1.014000	-2.132000	-4.264000	-6.292000	-8.437000	-10.452000	-12.116000	-14.209000	-16.120000	-18.408000	-21.073000	-23.920000	-25.649000	-28.223000	-29.978000	-32.201000	-34.203000	-36.127000	-37.739000	-38.636000	-40.261000	-40.586000	-40.820000	-40.846000	-40.495000	-40.703000	-33.670000	-22.698000	
input6
-37.011000	-42.380000	-42.328000	-42.354000	-42.289000	-42.289000	-42.276000	-42.263000	-42.315000	-42.341000	-42.354000	-42.458000	-42.458000	-42.458000	-42.510000	-42.549000	-42.588000	-42.562000	-42.536000	-42.523000	-42.458000	-42.458000	-42.614000	-42.497000	-42.666000	-42.484000	-42.575000	-42.692000	-42.640000	-42.666000	-42.822000	-42.692000	-42.757000	-42.744000	-42.822000	-42.926000	-42.952000	-43.017000	-43.147000	-43.134000	-43.069000	-43.186000	-43.199000	-43.225000	-43.238000	-43.290000	-43.433000	-43.550000	-43.277000	-43.472000	-43.433000	-43.459000	-43.472000	-43.485000	-43.511000	-43.498000	-43.511000	-43.511000	-43.524000	-43.563000	-43.563000	-43.563000	-43.524000	-43.498000	-43.485000	-43.459000	-43.537000	-43.472000	-43.537000	-43.394000	-43.511000	-43.511000	-43.628000	-43.485000	-43.368000	-43.264000	-43.238000	-43.186000	-43.173000	-43.212000	-43.173000	-43.160000	-43.108000	-43.134000	-43.121000	-43.147000	-43.121000	-43.134000	-43.147000	-43.173000	-43.160000	-43.160000	-43.056000	-43.134000	-43.134000	-43.160000	-43.134000	-43.147000	-43.069000	-43.017000	-43.004000	-43.056000	-43.017000	-42.991000	-42.965000	-43.030000	-43.017000	-43.030000	-42.991000	-42.978000	-42.952000	-42.835000	-43.095000	
input7
0.000000	0.000000	0.000000	0.000000	0.000000	0.000000	0.000000	0.000000	0.000000	0.000000	0.000000	0.000000	0.000000	0.000000	0.000000	0.000000	0.000000	0.000000	0.000000	0.000000	0.000000	0.000000	0.000000	0.000000	0.000000	0.000000	0.000000	0.000000	0.000000	0.000000	0.000000	0.000000	0.000000	0.000000	0.000000	0.000000	0.000000	0.000000	0.000000	0.000000	0.000000	0.000000	0.000000	0.000000	0.000000	0.000000	0.000000	0.000000	0.000000	0.000000	0.000000	0.000000	0.000000	0.000000	0.000000	0.000000	0.000000	0.000000	0.000000	0.000000	0.000000	0.000000	0.000000	0.000000	0.000000	0.000000	0.000000	0.000000	0.000000	0.000000	0.000000	0.000000	0.000000	0.000000	0.000000	0.000000	0.000000	0.000000	0.000000	0.000000	0.000000	0.000000	0.000000	0.000000	0.000000	0.000000	0.000000	0.000000	0.000000	0.000000	0.000000	0.000000	0.000000	0.000000	0.000000	0.000000	0.000000	0.000000	0.000000	0.000000	0.000000	0.000000	0.000000	0.000000	0.000000	0.000000	0.000000	0.000000	0.000000	0.000000	0.000000	0.000000	0.000000	
input8
0.000000	0.000000	0.000000	0.000000	0.000000	0.000000	0.000000	0.000000	0.000000	0.000000	0.000000	0.000000	0.000000	0.000000	0.000000	0.000000	0.000000	0.000000	0.000000	0.000000	0.000000	0.000000	0.000000	0.000000	0.000000	0.000000	0.000000	0.000000	0.000000	0.000000	0.000000	0.000000	0.000000	0.000000	0.000000	0.000000	0.000000	0.000000	0.000000	0.000000	0.000000	0.000000	0.000000	0.000000	0.000000	0.000000	0.000000	0.000000	0.000000	0.000000	0.000000	0.000000	0.000000	0.000000	0.000000	0.000000	0.000000	0.000000	0.000000	0.000000	0.000000	0.000000	0.000000	0.000000	0.000000	0.000000	0.000000	0.000000	0.000000	0.000000	0.000000	0.000000	0.000000	0.000000	0.000000	0.000000	0.000000	0.000000	0.000000	0.000000	0.000000	0.000000	0.000000	0.000000	0.000000	0.000000	0.000000	0.000000	0.000000	0.000000	0.000000	0.000000	0.000000	0.000000	0.000000	0.000000	0.000000	0.000000	0.000000	0.000000	0.000000	0.000000	0.000000	0.000000	0.000000	0.000000	0.000000	0.000000	0.000000	0.000000	0.000000	0.000000	0.000000	
input9
0.000000	0.000000	0.000000	0.000000	0.000000	0.000000	0.000000	0.000000	0.000000	0.000000	0.000000	0.000000	0.000000	0.000000	0.000000	0.000000	0.000000	0.000000	0.000000	0.000000	0.000000	0.000000	0.000000	0.000000	0.000000	0.000000	0.000000	0.000000	0.000000	0.000000	0.000000	0.000000	0.000000	0.000000	0.000000	0.000000	0.000000	0.000000	0.000000	0.000000	0.000000	0.000000	0.000000	0.000000	0.000000	0.000000	0.000000	0.000000	0.000000	0.000000	0.000000	0.000000	0.000000	0.000000	0.000000	0.000000	0.000000	0.000000	0.000000	0.000000	0.000000	0.000000	0.000000	0.000000	0.000000	0.000000	0.000000	0.000000	0.000000	0.000000	0.000000	0.000000	0.000000	0.000000	0.000000	0.000000	0.000000	0.000000	0.000000	0.000000	0.000000	0.000000	0.000000	0.000000	0.000000	0.000000	0.000000	0.000000	0.000000	0.000000	0.000000	0.000000	0.000000	0.000000	0.000000	0.000000	0.000000	0.000000	0.000000	0.000000	0.000000	0.000000	0.000000	0.000000	0.000000	0.000000	0.000000	0.000000	0.000000	0.000000	0.000000	0.000000	0.000000	
input10
0.000000	0.000000	0.000000	0.000000	0.000000	0.000000	0.000000	0.000000	0.000000	0.000000	0.000000	0.000000	0.000000	0.000000	0.000000	0.000000	0.000000	0.000000	0.000000	0.000000	0.000000	0.000000	0.000000	0.000000	0.000000	0.000000	0.000000	0.000000	0.000000	0.000000	0.000000	0.000000	0.000000	0.000000	0.000000	0.000000	0.000000	0.000000	0.000000	0.000000	0.000000	0.000000	0.000000	0.000000	0.000000	0.000000	0.000000	0.000000	0.000000	0.000000	0.000000	0.000000	0.000000	0.000000	0.000000	0.000000	0.000000	0.000000	0.000000	0.000000	0.000000	0.000000	0.000000	0.000000	0.000000	0.000000	0.000000	0.000000	0.000000	0.000000	0.000000	0.000000	0.000000	0.000000	0.000000	0.000000	0.000000	0.000000	0.000000	0.000000	0.000000	0.000000	0.000000	0.000000	0.000000	0.000000	0.000000	0.000000	0.000000	0.000000	0.000000	0.000000	0.000000	0.000000	0.000000	0.000000	0.000000	0.000000	0.000000	0.000000	0.000000	0.000000	0.000000	0.000000	0.000000	0.000000	0.000000	0.000000	0.000000	0.000000	0.000000	0.000000	0.000000	
input11
0.000000	0.000000	0.000000	0.000000	0.000000	0.000000	0.000000	0.000000	0.000000	0.000000	0.000000	0.000000	0.000000	0.000000	0.000000	0.000000	0.000000	0.000000	0.000000	0.000000	0.000000	0.000000	0.000000	0.000000	0.000000	0.000000	0.000000	0.000000	0.000000	0.000000	0.000000	0.000000	0.000000	0.000000	0.000000	0.000000	0.000000	0.000000	0.000000	0.000000	0.000000	0.000000	0.000000	0.000000	0.000000	0.000000	0.000000	0.000000	0.000000	0.000000	0.000000	0.000000	0.000000	0.000000	0.000000	0.000000	0.000000	0.000000	0.000000	0.000000	0.000000	0.000000	0.000000	0.000000	0.000000	0.000000	0.000000	0.000000	0.000000	0.000000	0.000000	0.000000	0.000000	0.000000	0.000000	0.000000	0.000000	0.000000	0.000000	0.000000	0.000000	0.000000	0.000000	0.000000	0.000000	0.000000	0.000000	0.000000	0.000000	0.000000	0.000000	0.000000	0.000000	0.000000	0.000000	0.000000	0.000000	0.000000	0.000000	0.000000	0.000000	0.000000	0.000000	0.000000	0.000000	0.000000	0.000000	0.000000	0.000000	0.000000	0.000000	0.000000	0.000000	
input12
0.000000	0.000000	0.000000	0.000000	0.000000	0.000000	0.000000	0.000000	0.000000	0.000000	0.000000	0.000000	0.000000	0.000000	0.000000	0.000000	0.000000	0.000000	0.000000	0.000000	0.000000	0.000000	0.000000	0.000000	0.000000	0.000000	0.000000	0.000000	0.000000	0.000000	0.000000	0.000000	0.000000	0.000000	0.000000	0.000000	0.000000	0.000000	0.000000	0.000000	0.000000	0.000000	0.000000	0.000000	0.000000	0.000000	0.000000	0.000000	0.000000	0.000000	0.000000	0.000000	0.000000	0.000000	0.000000	0.000000	0.000000	0.000000	0.000000	0.000000	0.000000	0.000000	0.000000	0.000000	0.000000	0.000000	0.000000	0.000000	0.000000	0.000000	0.000000	0.000000	0.000000	0.000000	0.000000	0.000000	0.000000	0.000000	0.000000	0.000000	0.000000	0.000000	0.000000	0.000000	0.000000	0.000000	0.000000	0.000000	0.000000	0.000000	0.000000	0.000000	0.000000	0.000000	0.000000	0.000000	0.000000	0.000000	0.000000	0.000000	0.000000	0.000000	0.000000	0.000000	0.000000	0.000000	0.000000	0.000000	0.000000	0.000000	0.000000	0.000000	0.000000	
input13
0.000000	0.000000	0.000000	0.000000	0.000000	0.000000	0.000000	0.000000	0.000000	0.000000	0.000000	0.000000	0.000000	0.000000	0.000000	0.000000	0.000000	0.000000	0.000000	0.000000	0.000000	0.000000	0.000000	0.000000	0.000000	0.000000	0.000000	0.000000	0.000000	0.000000	0.000000	0.000000	0.000000	0.000000	0.000000	0.000000	0.000000	0.000000	0.000000	0.000000	0.000000	0.000000	0.000000	0.000000	0.000000	0.000000	0.000000	0.000000	0.000000	0.000000	0.000000	0.000000	0.000000	0.000000	0.000000	0.000000	0.000000	0.000000	0.000000	0.000000	0.000000	0.000000	0.000000	0.000000	0.000000	0.000000	0.000000	0.000000	0.000000	0.000000	0.000000	0.000000	0.000000	0.000000	0.000000	0.000000	0.000000	0.000000	0.000000	0.000000	0.000000	0.000000	0.000000	0.000000	0.000000	0.000000	0.000000	0.000000	0.000000	0.000000	0.000000	0.000000	0.000000	0.000000	0.000000	0.000000	0.000000	0.000000	0.000000	0.000000	0.000000	0.000000	0.000000	0.000000	0.000000	0.000000	0.000000	0.000000	0.000000	0.000000	0.000000	0.000000	0.000000	
input14
0.000000	0.000000	0.000000	0.000000	0.000000	0.000000	0.000000	0.000000	0.000000	0.000000	0.000000	0.000000	0.000000	0.000000	0.000000	0.000000	0.000000	0.000000	0.000000	0.000000	0.000000	0.000000	0.000000	0.000000	0.000000	0.000000	0.000000	0.000000	0.000000	0.000000	0.000000	0.000000	0.000000	0.000000	0.000000	0.000000	0.000000	0.000000	0.000000	0.000000	0.000000	0.000000	0.000000	0.000000	0.000000	0.000000	0.000000	0.000000	0.000000	0.000000	0.000000	0.000000	0.000000	0.000000	0.000000	0.000000	0.000000	0.000000	0.000000	0.000000	0.000000	0.000000	0.000000	0.000000	0.000000	0.000000	0.000000	0.000000	0.000000	0.000000	0.000000	0.000000	0.000000	0.000000	0.000000	0.000000	0.000000	0.000000	0.000000	0.000000	0.000000	0.000000	0.000000	0.000000	0.000000	0.000000	0.000000	0.000000	0.000000	0.000000	0.000000	0.000000	0.000000	0.000000	0.000000	0.000000	0.000000	0.000000	0.000000	0.000000	0.000000	0.000000	0.000000	0.000000	0.000000	0.000000	0.000000	0.000000	0.000000	0.000000	0.000000	0.000000	0.000000	
input15
0.000000	0.000000	0.000000	0.000000	0.000000	0.000000	0.000000	0.000000	0.000000	0.000000	0.000000	0.000000	0.000000	0.000000	0.000000	0.000000	0.000000	0.000000	0.000000	3.000000	
output1
54.889549	57.611467	57.634237	57.734212	57.759429	57.884727	57.855604	58.010618	58.146724	58.164531	58.236066	58.323390	58.385565	58.487636	58.580829	58.712941	58.859604	59.076092	59.260137	59.458058	59.647329	60.080884	60.356234	60.469614	60.734076	60.830688	61.007522	61.283209	61.227445	61.439169	61.572728	61.504065	61.570027	61.554911	61.639482	61.735916	61.688336	61.650504	61.543276	61.477884	61.393204	61.300345	61.141528	61.050893	60.902765	60.764009	60.287948	59.696020	59.558314	59.568471	59.441961	59.248679	59.115201	58.777405	58.489754	58.260303	58.135439	57.790270	57.581266	57.356775	57.024114	56.802882	56.223063	55.954907	55.776010	55.551376	55.447647	55.198655	55.192055	54.967691	54.905312	54.793589	54.835690	54.755670	54.796140	54.781195	54.852004	54.893656	54.921992	55.039121	55.113539	55.299111	55.437623	55.467120	55.635570	55.951320	56.103580	56.168744	56.319536	56.423244	56.507637	56.584148	56.622237	56.799867	56.822350	56.957310	57.099595	57.200872	57.336942	57.448753	57.661579	57.917453	58.110230	58.343186	58.483869	58.963503	59.141378	59.386812	59.647832	59.950268	59.760055	57.956568	57.343595	
output2
49.148972	50.510192	50.410457	50.349939	50.231474	50.182036	49.956822	49.903008	49.862844	49.676645	49.601829	49.494030	49.339713	49.315100	49.222809	49.135545	49.100545	49.127677	49.155585	49.158482	49.178281	49.282476	49.430265	49.391810	49.546651	49.553250	49.647341	49.801567	49.695784	49.864589	49.947076	49.868466	49.918686	49.899723	49.998417	50.110303	50.088705	50.089735	50.082905	50.084726	50.065293	50.076917	50.102000	50.106804	50.079641	50.077919	49.981813	49.792734	49.821145	49.913511	49.919440	49.883666	49.879218	49.778878	49.737007	49.642937	49.671520	49.593985	49.539157	49.445266	49.294966	49.234093	49.129059	48.995254	49.003008	48.941589	48.995350	48.839465	49.000595	48.914995	48.911444	48.861957	49.010162	49.107466	49.357386	49.451844	49.573579	49.661268	49.706071	49.830449	49.913854	50.079674	50.188559	50.146126	50.292401	50.358124	50.365238	50.300970	50.340672	50.299955	50.248792	50.204451	50.101479	50.119096	49.918173	49.792955	49.648634	49.554054	49.403178	49.303671	49.222191	49.172087	49.031630	48.947945	48.875440	48.782497	48.808891	48.862447	48.916425	48.999759	48.919420	49.428168	50.126816	
output3
49.148972	50.510192	50.410457	50.349939	50.231474	50.182036	49.956822	49.903008	49.862844	49.676645	49.601829	49.494030	49.339713	49.315100	49.222809	49.135545	49.100545	49.127677	49.155585	49.158482	49.178281	49.282476	49.430265	49.391810	49.546651	49.553250	49.647341	49.801567	49.695784	49.864589	49.947076	49.868466	49.918686	49.899723	49.998417	50.110303	50.088705	50.089735	50.082905	50.084726	50.065293	50.076917	50.102000	50.106804	50.079641	50.077919	49.981813	49.792734	49.821145	49.913511	49.919440	49.883666	49.879218	49.778878	49.737007	49.642937	49.671520	49.593985	49.539157	49.445266	49.294966	49.234093	49.129059	48.995254	49.003008	48.941589	48.995350	48.839465	49.000595	48.914995	48.911444	48.861957	49.010162	49.107466	49.357386	49.451844	49.573579	49.661268	49.706071	49.830449	49.913854	50.079674	50.188559	50.146126	50.292401	50.358124	50.365238	50.300970	50.340672	50.299955	50.248792	50.204451	50.101479	50.119096	49.918173	49.792955	49.648634	49.554054	49.403178	49.303671	49.222191	49.172087	49.031630	48.947945	48.875440	48.782497	48.808891	48.862447	48.916425	48.999759	48.919420	49.428168	50.126816	
output4
1.000000	0.000000	0.000000	1.000000	0.000000	1.000000	3.873121	-2.970123	-12.140752	58.164809	1.808276	3.571107	49.628027	0.407893	0.882165	49.628027	0.407893	0.882165	0.000000	3.000000	