input0
142.000000
input1
0.000000	0.000000	0.000000	0.000000	0.000000	0.000000	0.000000	0.000000	0.000000	0.000000	0.000000	0.000000	0.000000	0.000000	0.000000	0.000000	0.000000	0.000000	0.000000	0.000000	0.000000	0.000000	0.000000	0.000000	0.000000	0.000000	0.000000	0.000000	0.000000	0.000000	0.000000	0.000000	0.000000	0.000000	0.000000	0.000000	0.000000	0.000000	0.000000	0.000000	0.000000	0.000000	0.000000	0.000000	0.000000	0.000000	0.000000	0.000000	0.000000	0.000000	0.000000	0.000000	0.000000	0.000000	0.000000	0.000000	0.000000	0.000000	0.000000	0.000000	0.000000	0.000000	0.000000	0.000000	0.000000	0.000000	0.000000	0.000000	0.000000	0.000000	0.000000	0.000000	0.000000	0.000000	0.000000	0.000000	0.000000	0.000000	0.000000	0.000000	0.000000	0.000000	0.000000	0.000000	0.000000	0.000000	0.000000	0.000000	0.000000	0.000000	0.000000	0.000000	0.000000	0.000000	0.000000	0.000000	0.000000	0.000000	0.000000	0.000000	0.000000	0.000000	0.000000	0.000000	0.000000	0.000000	0.000000	0.000000	0.000000	0.000000	0.000000	0.000000	0.000000	0.000000	0.000000	0.000000	0.000000	0.000000	0.000000	0.000000	0.000000	0.000000	0.000000	0.000000	0.000000	0.000000	0.000000	0.000000	0.000000	0.000000	0.000000	0.000000	0.000000	0.000000	0.000000	0.000000	0.000000	0.000000	0.000000	0.000000	0.000000	0.000000	
input2
0.000000	0.000000	0.000000	0.000000	0.000000	0.000000	0.000000	0.000000	0.000000	0.000000	0.000000	0.000000	0.000000	0.000000	0.000000	0.000000	0.000000	0.000000	0.000000	0.000000	0.000000	0.000000	0.000000	0.000000	0.000000	0.000000	0.000000	0.000000	0.000000	0.000000	0.000000	0.000000	0.000000	0.000000	0.000000	0.000000	0.000000	0.000000	0.000000	0.000000	0.000000	0.000000	0.000000	0.000000	0.000000	0.000000	0.000000	0.000000	0.000000	0.000000	0.000000	0.000000	0.000000	0.000000	0.000000	0.000000	0.000000	0.000000	0.000000	0.000000	0.000000	0.000000	0.000000	0.000000	0.000000	0.000000	0.000000	0.000000	0.000000	0.000000	0.000000	0.000000	0.000000	0.000000	0.000000	0.000000	0.000000	0.000000	0.000000	0.000000	0.000000	0.000000	0.000000	0.000000	0.000000	0.000000	0.000000	0.000000	0.000000	0.000000	0.000000	0.000000	0.000000	0.000000	0.000000	0.000000	0.000000	0.000000	0.000000	0.000000	0.000000	0.000000	0.000000	0.000000	0.000000	0.000000	0.000000	0.000000	0.000000	0.000000	0.000000	0.000000	0.000000	0.000000	0.000000	0.000000	0.000000	0.000000	0.000000	0.000000	0.000000	0.000000	0.000000	0.000000	0.000000	0.000000	0.000000	0.000000	0.000000	0.000000	0.000000	0.000000	0.000000	0.000000	0.000000	0.000000	0.000000	0.000000	0.000000	0.000000	0.000000	0.000000	
input3
0.000000	0.000000	0.000000	0.000000	0.000000	0.000000	0.000000	0.000000	0.000000	0.000000	0.000000	0.000000	0.000000	0.000000	0.000000	0.000000	0.000000	0.000000	0.000000	0.000000	0.000000	0.000000	0.000000	0.000000	0.000000	0.000000	0.000000	0.000000	0.000000	0.000000	0.000000	0.000000	0.000000	0.000000	0.000000	0.000000	0.000000	0.000000	0.000000	0.000000	0.000000	0.000000	0.000000	0.000000	0.000000	0.000000	0.000000	0.000000	0.000000	0.000000	0.000000	0.000000	0.000000	0.000000	0.000000	0.000000	0.000000	0.000000	0.000000	0.000000	0.000000	0.000000	0.000000	0.000000	0.000000	0.000000	0.000000	0.000000	0.000000	0.000000	0.000000	0.000000	0.000000	0.000000	0.000000	0.000000	0.000000	0.000000	0.000000	0.000000	0.000000	0.000000	0.000000	0.000000	0.000000	0.000000	0.000000	0.000000	0.000000	0.000000	0.000000	0.000000	0.000000	0.000000	0.000000	0.000000	0.000000	0.000000	0.000000	0.000000	0.000000	0.000000	0.000000	0.000000	0.000000	0.000000	0.000000	0.000000	0.000000	0.000000	0.000000	0.000000	0.000000	0.000000	0.000000	0.000000	0.000000	0.000000	0.000000	0.000000	0.000000	0.000000	0.000000	0.000000	0.000000	0.000000	0.000000	0.000000	0.000000	0.000000	0.000000	0.000000	0.000000	0.000000	0.000000	0.000000	0.000000	0.000000	0.000000	0.000000	0.000000	0.000000	
input4
-33.878000	-30.394000	-29.510000	-28.392000	-27.261000	-25.896000	-24.336000	-22.529000	-21.021000	-19.240000	-17.875000	-16.146000	-13.988000	-12.623000	-10.712000	-8.294000	-6.175000	-3.640000	-1.430000	1.378000	4.121000	9.737000	11.895000	15.119000	17.238000	19.968000	21.957000	25.428000	26.975000	29.263000	31.148000	32.604000	33.878000	34.840000	37.479000	38.519000	39.494000	40.469000	41.834000	42.328000	42.666000	42.991000	43.186000	43.108000	42.861000	42.445000	40.534000	37.661000	37.128000	36.361000	35.490000	34.164000	33.098000	30.862000	28.509000	27.066000	25.610000	22.724000	20.930000	19.175000	16.757000	14.729000	8.632000	6.565000	4.017000	1.547000	-1.053000	-2.756000	-5.408000	-7.527000	-9.282000	-10.738000	-13.169000	-16.172000	-20.254000	-23.049000	-24.349000	-25.766000	-27.274000	-28.548000	-29.887000	-31.824000	-33.124000	-33.709000	-34.385000	-35.607000	-35.828000	-35.724000	-35.646000	-35.334000	-34.944000	-34.528000	-33.917000	-33.254000	-32.084000	-30.615000	-28.769000	-27.430000	-25.220000	-23.478000	-20.943000	-18.187000	-14.872000	-11.466000	-9.035000	-2.041000	0.130000	2.990000	6.422000	10.348000	8.346000	-19.760000	-30.264000	-34.697000	-32.747000	-29.978000	-28.678000	-3.705000	0.390000	10.413000	13.000000	21.723000	22.022000	26.598000	27.664000	28.743000	33.332000	38.064000	37.271000	36.686000	35.243000	33.332000	34.294000	34.385000	34.658000	35.035000	35.529000	36.153000	36.777000	37.765000	37.843000	37.752000	
input5
-22.256000	-24.479000	-25.675000	-27.079000	-28.366000	-29.861000	-31.109000	-32.734000	-33.891000	-34.931000	-35.750000	-36.582000	-37.557000	-38.194000	-38.857000	-39.598000	-40.157000	-40.807000	-41.236000	-41.535000	-41.691000	-41.379000	-41.054000	-40.274000	-39.637000	-38.688000	-37.778000	-35.867000	-34.684000	-33.137000	-31.421000	-29.952000	-28.548000	-27.352000	-23.686000	-22.022000	-20.020000	-17.680000	-13.260000	-11.284000	-9.685000	-6.669000	-2.665000	-0.715000	1.599000	4.082000	10.257000	15.769000	17.199000	18.343000	19.682000	21.320000	22.568000	24.726000	26.741000	27.742000	28.821000	30.498000	31.356000	32.006000	32.760000	33.345000	34.528000	34.580000	34.697000	34.567000	34.320000	33.904000	33.488000	32.890000	32.175000	31.525000	30.498000	29.081000	26.676000	24.453000	23.374000	22.009000	20.215000	18.629000	16.744000	13.507000	10.855000	8.931000	7.319000	1.014000	-2.132000	-4.264000	-6.292000	-8.437000	-10.452000	-12.116000	-14.209000	-16.120000	-18.408000	-21.073000	-23.920000	-25.649000	-28.223000	-29.978000	-32.201000	-34.203000	-36.127000	-37.739000	-38.636000	-40.261000	-40.586000	-40.820000	-40.846000	-40.495000	-40.703000	-33.670000	-22.698000	3.536000	9.373000	14.521000	16.497000	33.033000	33.683000	33.566000	33.176000	29.458000	27.807000	21.723000	20.904000	19.786000	11.440000	1.560000	-0.481000	-2.444000	-5.798000	-9.464000	-28.353000	-30.212000	-31.850000	-33.891000	-35.464000	-36.361000	-36.751000	-37.141000	-38.077000	-39.104000	
input6
-37.011000	-42.380000	-42.328000	-42.354000	-42.289000	-42.289000	-42.276000	-42.263000	-42.315000	-42.341000	-42.354000	-42.458000	-42.458000	-42.458000	-42.510000	-42.549000	-42.588000	-42.562000	-42.536000	-42.523000	-42.458000	-42.458000	-42.614000	-42.497000	-42.666000	-42.484000	-42.575000	-42.692000	-42.640000	-42.666000	-42.822000	-42.692000	-42.757000	-42.744000	-42.822000	-42.926000	-42.952000	-43.017000	-43.147000	-43.134000	-43.069000	-43.186000	-43.199000	-43.225000	-43.238000	-43.290000	-43.433000	-43.550000	-43.277000	-43.472000	-43.433000	-43.459000	-43.472000	-43.485000	-43.511000	-43.498000	-43.511000	-43.511000	-43.524000	-43.563000	-43.563000	-43.563000	-43.524000	-43.498000	-43.485000	-43.459000	-43.537000	-43.472000	-43.537000	-43.394000	-43.511000	-43.511000	-43.628000	-43.485000	-43.368000	-43.264000	-43.238000	-43.186000	-43.173000	-43.212000	-43.173000	-43.160000	-43.108000	-43.134000	-43.121000	-43.147000	-43.121000	-43.134000	-43.147000	-43.173000	-43.160000	-43.160000	-43.056000	-43.134000	-43.134000	-43.160000	-43.134000	-43.147000	-43.069000	-43.017000	-43.004000	-43.056000	-43.017000	-42.991000	-42.965000	-43.030000	-43.017000	-43.030000	-42.991000	-42.978000	-42.952000	-42.835000	-43.095000	-43.602000	-43.758000	-43.862000	-43.849000	-43.992000	-44.005000	-44.070000	-43.940000	-44.525000	-45.591000	-47.346000	-47.151000	-47.281000	-47.957000	-46.761000	-47.476000	-47.814000	-48.620000	-49.270000	-40.937000	-39.390000	-37.986000	-35.646000	-33.462000	-31.824000	-30.446000	-28.730000	-27.287000	-25.324000	
input7
0.000000	0.000000	0.000000	0.000000	0.000000	0.000000	0.000000	0.000000	0.000000	0.000000	0.000000	0.000000	0.000000	0.000000	0.000000	0.000000	0.000000	0.000000	0.000000	0.000000	0.000000	0.000000	0.000000	0.000000	0.000000	0.000000	0.000000	0.000000	0.000000	0.000000	0.000000	0.000000	0.000000	0.000000	0.000000	0.000000	0.000000	0.000000	0.000000	0.000000	0.000000	0.000000	0.000000	0.000000	0.000000	0.000000	0.000000	0.000000	0.000000	0.000000	0.000000	0.000000	0.000000	0.000000	0.000000	0.000000	0.000000	0.000000	0.000000	0.000000	0.000000	0.000000	0.000000	0.000000	0.000000	0.000000	0.000000	0.000000	0.000000	0.000000	0.000000	0.000000	0.000000	0.000000	0.000000	0.000000	0.000000	0.000000	0.000000	0.000000	0.000000	0.000000	0.000000	0.000000	0.000000	0.000000	0.000000	0.000000	0.000000	0.000000	0.000000	0.000000	0.000000	0.000000	0.000000	0.000000	0.000000	0.000000	0.000000	0.000000	0.000000	0.000000	0.000000	0.000000	0.000000	0.000000	0.000000	0.000000	0.000000	0.000000	0.000000	0.000000	0.000000	0.000000	0.000000	0.000000	0.000000	0.000000	0.000000	0.000000	0.000000	0.000000	0.000000	0.000000	0.000000	0.000000	0.000000	0.000000	0.000000	0.000000	0.000000	0.000000	0.000000	0.000000	0.000000	0.000000	0.000000	0.000000	0.000000	0.000000	0.000000	0.000000	
input8
0.000000	0.000000	0.000000	0.000000	0.000000	0.000000	0.000000	0.000000	0.000000	0.000000	0.000000	0.000000	0.000000	0.000000	0.000000	0.000000	0.000000	0.000000	0.000000	0.000000	0.000000	0.000000	0.000000	0.000000	0.000000	0.000000	0.000000	0.000000	0.000000	0.000000	0.000000	0.000000	0.000000	0.000000	0.000000	0.000000	0.000000	0.000000	0.000000	0.000000	0.000000	0.000000	0.000000	0.000000	0.000000	0.000000	0.000000	0.000000	0.000000	0.000000	0.000000	0.000000	0.000000	0.000000	0.000000	0.000000	0.000000	0.000000	0.000000	0.000000	0.000000	0.000000	0.000000	0.000000	0.000000	0.000000	0.000000	0.000000	0.000000	0.000000	0.000000	0.000000	0.000000	0.000000	0.000000	0.000000	0.000000	0.000000	0.000000	0.000000	0.000000	0.000000	0.000000	0.000000	0.000000	0.000000	0.000000	0.000000	0.000000	0.000000	0.000000	0.000000	0.000000	0.000000	0.000000	0.000000	0.000000	0.000000	0.000000	0.000000	0.000000	0.000000	0.000000	0.000000	0.000000	0.000000	0.000000	0.000000	0.000000	0.000000	0.000000	0.000000	0.000000	0.000000	0.000000	0.000000	0.000000	0.000000	0.000000	0.000000	0.000000	0.000000	0.000000	0.000000	0.000000	0.000000	0.000000	0.000000	0.000000	0.000000	0.000000	0.000000	0.000000	0.000000	0.000000	0.000000	0.000000	0.000000	0.000000	0.000000	0.000000	0.000000	
input9
0.000000	0.000000	0.000000	0.000000	0.000000	0.000000	0.000000	0.000000	0.000000	0.000000	0.000000	0.000000	0.000000	0.000000	0.000000	0.000000	0.000000	0.000000	0.000000	0.000000	0.000000	0.000000	0.000000	0.000000	0.000000	0.000000	0.000000	0.000000	0.000000	0.000000	0.000000	0.000000	0.000000	0.000000	0.000000	0.000000	0.000000	0.000000	0.000000	0.000000	0.000000	0.000000	0.000000	0.000000	0.000000	0.000000	0.000000	0.000000	0.000000	0.000000	0.000000	0.000000	0.000000	0.000000	0.000000	0.000000	0.000000	0.000000	0.000000	0.000000	0.000000	0.000000	0.000000	0.000000	0.000000	0.000000	0.000000	0.000000	0.000000	0.000000	0.000000	0.000000	0.000000	0.000000	0.000000	0.000000	0.000000	0.000000	0.000000	0.000000	0.000000	0.000000	0.000000	0.000000	0.000000	0.000000	0.000000	0.000000	0.000000	0.000000	0.000000	0.000000	0.000000	0.000000	0.000000	0.000000	0.000000	0.000000	0.000000	0.000000	0.000000	0.000000	0.000000	0.000000	0.000000	0.000000	0.000000	0.000000	0.000000	0.000000	0.000000	0.000000	0.000000	0.000000	0.000000	0.000000	0.000000	0.000000	0.000000	0.000000	0.000000	0.000000	0.000000	0.000000	0.000000	0.000000	0.000000	0.000000	0.000000	0.000000	0.000000	0.000000	0.000000	0.000000	0.000000	0.000000	0.000000	0.000000	0.000000	0.000000	0.000000	0.000000	
input10
0.000000	0.000000	0.000000	0.000000	0.000000	0.000000	0.000000	0.000000	0.000000	0.000000	0.000000	0.000000	0.000000	0.000000	0.000000	0.000000	0.000000	0.000000	0.000000	0.000000	0.000000	0.000000	0.000000	0.000000	0.000000	0.000000	0.000000	0.000000	0.000000	0.000000	0.000000	0.000000	0.000000	0.000000	0.000000	0.000000	0.000000	0.000000	0.000000	0.000000	0.000000	0.000000	0.000000	0.000000	0.000000	0.000000	0.000000	0.000000	0.000000	0.000000	0.000000	0.000000	0.000000	0.000000	0.000000	0.000000	0.000000	0.000000	0.000000	0.000000	0.000000	0.000000	0.000000	0.000000	0.000000	0.000000	0.000000	0.000000	0.000000	0.000000	0.000000	0.000000	0.000000	0.000000	0.000000	0.000000	0.000000	0.000000	0.000000	0.000000	0.000000	0.000000	0.000000	0.000000	0.000000	0.000000	0.000000	0.000000	0.000000	0.000000	0.000000	0.000000	0.000000	0.000000	0.000000	0.000000	0.000000	0.000000	0.000000	0.000000	0.000000	0.000000	0.000000	0.000000	0.000000	0.000000	0.000000	0.000000	0.000000	0.000000	0.000000	0.000000	0.000000	0.000000	0.000000	0.000000	0.000000	0.000000	0.000000	0.000000	0.000000	0.000000	0.000000	0.000000	0.000000	0.000000	0.000000	0.000000	0.000000	0.000000	0.000000	0.000000	0.000000	0.000000	0.000000	0.000000	0.000000	0.000000	0.000000	0.000000	0.000000	0.000000	
input11
0.000000	0.000000	0.000000	0.000000	0.000000	0.000000	0.000000	0.000000	0.000000	0.000000	0.000000	0.000000	0.000000	0.000000	0.000000	0.000000	0.000000	0.000000	0.000000	0.000000	0.000000	0.000000	0.000000	0.000000	0.000000	0.000000	0.000000	0.000000	0.000000	0.000000	0.000000	0.000000	0.000000	0.000000	0.000000	0.000000	0.000000	0.000000	0.000000	0.000000	0.000000	0.000000	0.000000	0.000000	0.000000	0.000000	0.000000	0.000000	0.000000	0.000000	0.000000	0.000000	0.000000	0.000000	0.000000	0.000000	0.000000	0.000000	0.000000	0.000000	0.000000	0.000000	0.000000	0.000000	0.000000	0.000000	0.000000	0.000000	0.000000	0.000000	0.000000	0.000000	0.000000	0.000000	0.000000	0.000000	0.000000	0.000000	0.000000	0.000000	0.000000	0.000000	0.000000	0.000000	0.000000	0.000000	0.000000	0.000000	0.000000	0.000000	0.000000	0.000000	0.000000	0.000000	0.000000	0.000000	0.000000	0.000000	0.000000	0.000000	0.000000	0.000000	0.000000	0.000000	0.000000	0.000000	0.000000	0.000000	0.000000	0.000000	0.000000	0.000000	0.000000	0.000000	0.000000	0.000000	0.000000	0.000000	0.000000	0.000000	0.000000	0.000000	0.000000	0.000000	0.000000	0.000000	0.000000	0.000000	0.000000	0.000000	0.000000	0.000000	0.000000	0.000000	0.000000	0.000000	0.000000	0.000000	0.000000	0.000000	0.000000	0.000000	
input12
0.000000	0.000000	0.000000	0.000000	0.000000	0.000000	0.000000	0.000000	0.000000	0.000000	0.000000	0.000000	0.000000	0.000000	0.000000	0.000000	0.000000	0.000000	0.000000	0.000000	0.000000	0.000000	0.000000	0.000000	0.000000	0.000000	0.000000	0.000000	0.000000	0.000000	0.000000	0.000000	0.000000	0.000000	0.000000	0.000000	0.000000	0.000000	0.000000	0.000000	0.000000	0.000000	0.000000	0.000000	0.000000	0.000000	0.000000	0.000000	0.000000	0.000000	0.000000	0.000000	0.000000	0.000000	0.000000	0.000000	0.000000	0.000000	0.000000	0.000000	0.000000	0.000000	0.000000	0.000000	0.000000	0.000000	0.000000	0.000000	0.000000	0.000000	0.000000	0.000000	0.000000	0.000000	0.000000	0.000000	0.000000	0.000000	0.000000	0.000000	0.000000	0.000000	0.000000	0.000000	0.000000	0.000000	0.000000	0.000000	0.000000	0.000000	0.000000	0.000000	0.000000	0.000000	0.000000	0.000000	0.000000	0.000000	0.000000	0.000000	0.000000	0.000000	0.000000	0.000000	0.000000	0.000000	0.000000	0.000000	0.000000	0.000000	0.000000	0.000000	0.000000	0.000000	0.000000	0.000000	0.000000	0.000000	0.000000	0.000000	0.000000	0.000000	0.000000	0.000000	0.000000	0.000000	0.000000	0.000000	0.000000	0.000000	0.000000	0.000000	0.000000	0.000000	0.000000	0.000000	0.000000	0.000000	0.000000	0.000000	0.000000	0.000000	
input13
0.000000	0.000000	0.000000	0.000000	0.000000	0.000000	0.000000	0.000000	0.000000	0.000000	0.000000	0.000000	0.000000	0.000000	0.000000	0.000000	0.000000	0.000000	0.000000	0.000000	0.000000	0.000000	0.000000	0.000000	0.000000	0.000000	0.000000	0.000000	0.000000	0.000000	0.000000	0.000000	0.000000	0.000000	0.000000	0.000000	0.000000	0.000000	0.000000	0.000000	0.000000	0.000000	0.000000	0.000000	0.000000	0.000000	0.000000	0.000000	0.000000	0.000000	0.000000	0.000000	0.000000	0.000000	0.000000	0.000000	0.000000	0.000000	0.000000	0.000000	0.000000	0.000000	0.000000	0.000000	0.000000	0.000000	0.000000	0.000000	0.000000	0.000000	0.000000	0.000000	0.000000	0.000000	0.000000	0.000000	0.000000	0.000000	0.000000	0.000000	0.000000	0.000000	0.000000	0.000000	0.000000	0.000000	0.000000	0.000000	0.000000	0.000000	0.000000	0.000000	0.000000	0.000000	0.000000	0.000000	0.000000	0.000000	0.000000	0.000000	0.000000	0.000000	0.000000	0.000000	0.000000	0.000000	0.000000	0.000000	0.000000	0.000000	0.000000	0.000000	0.000000	0.000000	0.000000	0.000000	0.000000	0.000000	0.000000	0.000000	0.000000	0.000000	0.000000	0.000000	0.000000	0.000000	0.000000	0.000000	0.000000	0.000000	0.000000	0.000000	0.000000	0.000000	0.000000	0.000000	0.000000	0.000000	0.000000	0.000000	0.000000	0.000000	
input14
0.000000	0.000000	0.000000	0.000000	0.000000	0.000000	0.000000	0.000000	0.000000	0.000000	0.000000	0.000000	0.000000	0.000000	0.000000	0.000000	0.000000	0.000000	0.000000	0.000000	0.000000	0.000000	0.000000	0.000000	0.000000	0.000000	0.000000	0.000000	0.000000	0.000000	0.000000	0.000000	0.000000	0.000000	0.000000	0.000000	0.000000	0.000000	0.000000	0.000000	0.000000	0.000000	0.000000	0.000000	0.000000	0.000000	0.000000	0.000000	0.000000	0.000000	0.000000	0.000000	0.000000	0.000000	0.000000	0.000000	0.000000	0.000000	0.000000	0.000000	0.000000	0.000000	0.000000	0.000000	0.000000	0.000000	0.000000	0.000000	0.000000	0.000000	0.000000	0.000000	0.000000	0.000000	0.000000	0.000000	0.000000	0.000000	0.000000	0.000000	0.000000	0.000000	0.000000	0.000000	0.000000	0.000000	0.000000	0.000000	0.000000	0.000000	0.000000	0.000000	0.000000	0.000000	0.000000	0.000000	0.000000	0.000000	0.000000	0.000000	0.000000	0.000000	0.000000	0.000000	0.000000	0.000000	0.000000	0.000000	0.000000	0.000000	0.000000	0.000000	0.000000	0.000000	0.000000	0.000000	0.000000	0.000000	0.000000	0.000000	0.000000	0.000000	0.000000	0.000000	0.000000	0.000000	0.000000	0.000000	0.000000	0.000000	0.000000	0.000000	0.000000	0.000000	0.000000	0.000000	0.000000	0.000000	0.000000	0.000000	0.000000	0.000000	
input15
0.000000	0.000000	0.000000	0.000000	0.000000	0.000000	0.000000	0.000000	0.000000	0.000000	0.000000	0.000000	0.000000	0.000000	0.000000	0.000000	0.000000	0.000000	0.000000	3.000000	
output1
54.889549	57.611467	57.634237	57.734212	57.759429	57.884727	57.855604	58.010618	58.146724	58.164531	58.236066	58.323390	58.385565	58.487636	58.580829	58.712941	58.859604	59.076092	59.260137	59.458058	59.647329	60.080884	60.356234	60.469614	60.734076	60.830688	61.007522	61.283209	61.227445	61.439169	61.572728	61.504065	61.570027	61.554911	61.639482	61.735916	61.688336	61.650504	61.543276	61.477884	61.393204	61.300345	61.141528	61.050893	60.902765	60.764009	60.287948	59.696020	59.558314	59.568471	59.441961	59.248679	59.115201	58.777405	58.489754	58.260303	58.135439	57.790270	57.581266	57.356775	57.024114	56.802882	56.223063	55.954907	55.776010	55.551376	55.447647	55.198655	55.192055	54.967691	54.905312	54.793589	54.835690	54.755670	54.796140	54.781195	54.852004	54.893656	54.921992	55.039121	55.113539	55.299111	55.437623	55.467120	55.635570	55.951320	56.103580	56.168744	56.319536	56.423244	56.507637	56.584148	56.622237	56.799867	56.822350	56.957310	57.099595	57.200872	57.336942	57.448753	57.661579	57.917453	58.110230	58.343186	58.483869	58.963503	59.141378	59.386812	59.647832	59.950268	59.760055	57.956568	57.343595	55.834752	55.452518	55.076447	54.930078	55.138028	55.417837	56.367294	56.571818	57.637992	57.764496	58.489196	58.527694	58.763414	59.512769	60.314947	60.359998	60.315954	60.329017	60.233898	60.463286	60.387625	60.485830	60.387817	60.330014	60.348394	60.250665	60.258294	60.220685	59.963666	
output2
51.952085	53.786938	53.691214	53.640824	53.526996	53.485189	53.277646	53.231789	53.204161	53.037830	52.973320	52.888150	52.750332	52.731478	52.656152	52.585722	52.563220	52.593391	52.623251	52.632660	52.652329	52.765149	52.924732	52.885565	53.052700	53.047629	53.149652	53.313953	53.213565	53.379286	53.476127	53.392938	53.449053	53.432031	53.537194	53.653958	53.637936	53.646732	53.654560	53.655231	53.630679	53.652370	53.675392	53.681165	53.655144	53.656185	53.572049	53.396377	53.393379	53.496251	53.494762	53.459412	53.452930	53.353242	53.309160	53.215555	53.238896	53.157640	53.102346	53.013450	52.866141	52.803406	52.683852	52.550647	52.549358	52.482600	52.533505	52.376991	52.526670	52.426690	52.430745	52.380861	52.524774	52.593499	52.805110	52.876406	52.984656	53.058323	53.095780	53.213502	53.285067	53.435597	53.530380	53.492646	53.627541	53.691897	53.697124	53.639604	53.679462	53.645905	53.598830	53.559328	53.455298	53.482465	53.298728	53.189626	53.058647	52.976151	52.834785	52.742347	52.673207	52.640485	52.515726	52.445428	52.382458	52.322961	52.352534	52.411951	52.467957	52.555134	52.472104	52.852826	53.497690	53.587673	53.355134	53.041743	52.909690	52.263975	52.302840	52.587615	52.618968	52.874213	52.761887	52.671336	52.618168	52.725064	52.688443	52.868970	52.770516	52.608187	52.433216	52.168934	52.388846	52.391972	52.576184	52.625891	52.719423	52.857854	52.858320	52.996702	53.081996	52.992436	
output3
51.952085	53.786938	53.691214	53.640824	53.526996	53.485189	53.277646	53.231789	53.204161	53.037830	52.973320	52.888150	52.750332	52.731478	52.656152	52.585722	52.563220	52.593391	52.623251	52.632660	52.652329	52.765149	52.924732	52.885565	53.052700	53.047629	53.149652	53.313953	53.213565	53.379286	53.476127	53.392938	53.449053	53.432031	53.537194	53.653958	53.637936	53.646732	53.654560	53.655231	53.630679	53.652370	53.675392	53.681165	53.655144	53.656185	53.572049	53.396377	53.393379	53.496251	53.494762	53.459412	53.452930	53.353242	53.309160	53.215555	53.238896	53.157640	53.102346	53.013450	52.866141	52.803406	52.683852	52.550647	52.549358	52.482600	52.533505	52.376991	52.526670	52.426690	52.430745	52.380861	52.524774	52.593499	52.805110	52.876406	52.984656	53.058323	53.095780	53.213502	53.285067	53.435597	53.530380	53.492646	53.627541	53.691897	53.697124	53.639604	53.679462	53.645905	53.598830	53.559328	53.455298	53.482465	53.298728	53.189626	53.058647	52.976151	52.834785	52.742347	52.673207	52.640485	52.515726	52.445428	52.382458	52.322961	52.352534	52.411951	52.467957	52.555134	52.472104	52.852826	53.497690	53.587673	53.355134	53.041743	52.909690	52.263975	52.302840	52.587615	52.618968	52.874213	52.761887	52.671336	52.618168	52.725064	52.688443	52.868970	52.770516	52.608187	52.433216	52.168934	52.388846	52.391972	52.576184	52.625891	52.719423	52.857854	52.858320	52.996702	53.081996	52.992436	
output4
1.000000	0.000000	0.000000	1.000000	0.000000	1.000000	3.725990	-2.940439	-6.813846	58.258858	1.832910	3.503189	53.020990	0.394644	1.068906	53.020990	0.394644	1.068906	0.000000	3.000000	