input0
36.000000
input1
0.000000	0.000000	0.000000	0.000000	0.000000	0.000000	0.000000	0.000000	0.000000	0.000000	0.000000	0.000000	0.000000	0.000000	0.000000	0.000000	0.000000	0.000000	0.000000	0.000000	0.000000	0.000000	0.000000	0.000000	0.000000	0.000000	0.000000	0.000000	0.000000	0.000000	0.000000	0.000000	0.000000	0.000000	0.000000	0.000000	
input2
0.000000	0.000000	0.000000	0.000000	0.000000	0.000000	0.000000	0.000000	0.000000	0.000000	0.000000	0.000000	0.000000	0.000000	0.000000	0.000000	0.000000	0.000000	0.000000	0.000000	0.000000	0.000000	0.000000	0.000000	0.000000	0.000000	0.000000	0.000000	0.000000	0.000000	0.000000	0.000000	0.000000	0.000000	0.000000	0.000000	
input3
0.000000	0.000000	0.000000	0.000000	0.000000	0.000000	0.000000	0.000000	0.000000	0.000000	0.000000	0.000000	0.000000	0.000000	0.000000	0.000000	0.000000	0.000000	0.000000	0.000000	0.000000	0.000000	0.000000	0.000000	0.000000	0.000000	0.000000	0.000000	0.000000	0.000000	0.000000	0.000000	0.000000	0.000000	0.000000	0.000000	
input4
-31.447000	-30.836000	-29.848000	-28.977000	-27.508000	-26.416000	-24.726000	-23.387000	-21.918000	-20.631000	-19.019000	-17.875000	-32.474000	-33.176000	-33.917000	-34.619000	-35.048000	-35.750000	-36.166000	-36.530000	-36.699000	-36.504000	-36.036000	-35.672000	-35.152000	-34.580000	-33.371000	-32.669000	-31.603000	-30.524000	-29.237000	-28.327000	-27.222000	-25.103000	-23.751000	-21.918000	
input5
-21.333000	-22.581000	-24.050000	-25.207000	-27.079000	-28.431000	-30.004000	-31.252000	-32.500000	-33.449000	-34.580000	-35.451000	-20.098000	-18.681000	-16.991000	-15.288000	-13.715000	-11.258000	-8.853000	-6.253000	-3.640000	-0.949000	2.678000	4.472000	6.344000	8.073000	10.985000	12.428000	14.274000	16.120000	17.888000	19.162000	20.514000	22.672000	23.816000	25.298000	
input6
-43.472000	-43.329000	-43.329000	-43.329000	-43.264000	-43.264000	-43.277000	-43.212000	-43.212000	-43.238000	-43.212000	-43.199000	-43.277000	-43.329000	-43.342000	-43.394000	-43.394000	-43.394000	-43.381000	-43.368000	-43.420000	-43.446000	-43.472000	-43.459000	-43.498000	-43.550000	-43.667000	-43.628000	-43.628000	-43.732000	-43.719000	-43.810000	-43.849000	-43.862000	-43.901000	-43.849000	
input7
0.000000	0.000000	0.000000	0.000000	0.000000	0.000000	0.000000	0.000000	0.000000	0.000000	0.000000	0.000000	0.000000	0.000000	0.000000	0.000000	0.000000	0.000000	0.000000	0.000000	0.000000	0.000000	0.000000	0.000000	0.000000	0.000000	0.000000	0.000000	0.000000	0.000000	0.000000	0.000000	0.000000	0.000000	0.000000	0.000000	
input8
0.000000	0.000000	0.000000	0.000000	0.000000	0.000000	0.000000	0.000000	0.000000	0.000000	0.000000	0.000000	0.000000	0.000000	0.000000	0.000000	0.000000	0.000000	0.000000	0.000000	0.000000	0.000000	0.000000	0.000000	0.000000	0.000000	0.000000	0.000000	0.000000	0.000000	0.000000	0.000000	0.000000	0.000000	0.000000	0.000000	
input9
0.000000	0.000000	0.000000	0.000000	0.000000	0.000000	0.000000	0.000000	0.000000	0.000000	0.000000	0.000000	0.000000	0.000000	0.000000	0.000000	0.000000	0.000000	0.000000	0.000000	0.000000	0.000000	0.000000	0.000000	0.000000	0.000000	0.000000	0.000000	0.000000	0.000000	0.000000	0.000000	0.000000	0.000000	0.000000	0.000000	
input10
0.000000	0.000000	0.000000	0.000000	0.000000	0.000000	0.000000	0.000000	0.000000	0.000000	0.000000	0.000000	0.000000	0.000000	0.000000	0.000000	0.000000	0.000000	0.000000	0.000000	0.000000	0.000000	0.000000	0.000000	0.000000	0.000000	0.000000	0.000000	0.000000	0.000000	0.000000	0.000000	0.000000	0.000000	0.000000	0.000000	
input11
0.000000	0.000000	0.000000	0.000000	0.000000	0.000000	0.000000	0.000000	0.000000	0.000000	0.000000	0.000000	0.000000	0.000000	0.000000	0.000000	0.000000	0.000000	0.000000	0.000000	0.000000	0.000000	0.000000	0.000000	0.000000	0.000000	0.000000	0.000000	0.000000	0.000000	0.000000	0.000000	0.000000	0.000000	0.000000	0.000000	
input12
0.000000	0.000000	0.000000	0.000000	0.000000	0.000000	0.000000	0.000000	0.000000	0.000000	0.000000	0.000000	0.000000	0.000000	0.000000	0.000000	0.000000	0.000000	0.000000	0.000000	0.000000	0.000000	0.000000	0.000000	0.000000	0.000000	0.000000	0.000000	0.000000	0.000000	0.000000	0.000000	0.000000	0.000000	0.000000	0.000000	
input13
0.000000	0.000000	0.000000	0.000000	0.000000	0.000000	0.000000	0.000000	0.000000	0.000000	0.000000	0.000000	0.000000	0.000000	0.000000	0.000000	0.000000	0.000000	0.000000	0.000000	0.000000	0.000000	0.000000	0.000000	0.000000	0.000000	0.000000	0.000000	0.000000	0.000000	0.000000	0.000000	0.000000	0.000000	0.000000	0.000000	
input14
0.000000	0.000000	0.000000	0.000000	0.000000	0.000000	0.000000	0.000000	0.000000	0.000000	0.000000	0.000000	0.000000	0.000000	0.000000	0.000000	0.000000	0.000000	0.000000	0.000000	0.000000	0.000000	0.000000	0.000000	0.000000	0.000000	0.000000	0.000000	0.000000	0.000000	0.000000	0.000000	0.000000	0.000000	0.000000	0.000000	
input15
0.000000	0.000000	0.000000	0.000000	0.000000	0.000000	0.000000	0.000000	0.000000	0.000000	0.000000	0.000000	0.000000	0.000000	0.000000	0.000000	0.000000	0.000000	0.000000	3.000000	
output1
57.739289	57.776835	57.850738	57.900446	57.980479	58.119708	58.176575	58.231574	58.343172	58.429431	58.521583	58.672333	57.718186	57.680404	57.598489	57.578098	57.441298	57.339727	57.168753	57.046686	56.968084	56.753833	56.529459	56.401906	56.284860	56.192101	56.045524	55.902783	55.730594	55.714063	55.552981	55.578029	55.539142	55.390028	55.304698	55.164502	
output2
62.985499	62.943408	62.943440	62.935967	62.915450	62.981916	62.965233	62.951540	62.998976	63.040244	63.072614	63.172338	62.997700	63.035815	63.041615	63.109357	63.058887	63.082362	63.039692	63.051211	63.111656	63.051449	63.028533	62.999721	62.991367	62.999829	63.027407	62.966853	62.905856	62.996243	62.940799	63.038246	63.076904	63.056847	63.045580	62.992319	
output3
62.985499	62.943408	62.943440	62.935967	62.915450	62.981916	62.965233	62.951540	62.998976	63.040244	63.072614	63.172338	62.997700	63.035815	63.041615	63.109357	63.058887	63.082362	63.039692	63.051211	63.111656	63.051449	63.028533	62.999721	62.991367	62.999829	63.027407	62.966853	62.905856	62.996243	62.940799	63.038246	63.076904	63.056847	63.045580	62.992319	
output4
1.000000	0.000000	0.000000	1.000000	0.000000	1.000000	-0.175729	-3.025311	8.046047	57.010178	0.950570	1.845675	63.015358	0.048018	0.156981	63.015358	0.048018	0.156981	0.000000	3.000000	