input0
67.000000
input1
0.000000	0.000000	0.000000	0.000000	0.000000	0.000000	0.000000	0.000000	0.000000	0.000000	0.000000	0.000000	0.000000	0.000000	0.000000	0.000000	0.000000	0.000000	0.000000	0.000000	0.000000	0.000000	0.000000	0.000000	0.000000	0.000000	0.000000	0.000000	0.000000	0.000000	0.000000	0.000000	0.000000	0.000000	0.000000	0.000000	0.000000	0.000000	0.000000	0.000000	0.000000	0.000000	0.000000	0.000000	0.000000	0.000000	0.000000	0.000000	0.000000	0.000000	0.000000	0.000000	0.000000	0.000000	0.000000	0.000000	0.000000	0.000000	0.000000	0.000000	0.000000	0.000000	0.000000	0.000000	0.000000	0.000000	0.000000	
input2
0.000000	0.000000	0.000000	0.000000	0.000000	0.000000	0.000000	0.000000	0.000000	0.000000	0.000000	0.000000	0.000000	0.000000	0.000000	0.000000	0.000000	0.000000	0.000000	0.000000	0.000000	0.000000	0.000000	0.000000	0.000000	0.000000	0.000000	0.000000	0.000000	0.000000	0.000000	0.000000	0.000000	0.000000	0.000000	0.000000	0.000000	0.000000	0.000000	0.000000	0.000000	0.000000	0.000000	0.000000	0.000000	0.000000	0.000000	0.000000	0.000000	0.000000	0.000000	0.000000	0.000000	0.000000	0.000000	0.000000	0.000000	0.000000	0.000000	0.000000	0.000000	0.000000	0.000000	0.000000	0.000000	0.000000	0.000000	
input3
0.000000	0.000000	0.000000	0.000000	0.000000	0.000000	0.000000	0.000000	0.000000	0.000000	0.000000	0.000000	0.000000	0.000000	0.000000	0.000000	0.000000	0.000000	0.000000	0.000000	0.000000	0.000000	0.000000	0.000000	0.000000	0.000000	0.000000	0.000000	0.000000	0.000000	0.000000	0.000000	0.000000	0.000000	0.000000	0.000000	0.000000	0.000000	0.000000	0.000000	0.000000	0.000000	0.000000	0.000000	0.000000	0.000000	0.000000	0.000000	0.000000	0.000000	0.000000	0.000000	0.000000	0.000000	0.000000	0.000000	0.000000	0.000000	0.000000	0.000000	0.000000	0.000000	0.000000	0.000000	0.000000	0.000000	0.000000	
input4
-31.447000	-30.836000	-29.848000	-28.977000	-27.508000	-26.416000	-24.726000	-23.387000	-21.918000	-20.631000	-19.019000	-17.875000	-32.474000	-33.176000	-33.917000	-34.619000	-35.048000	-35.750000	-36.166000	-36.530000	-36.699000	-36.504000	-36.036000	-35.672000	-35.152000	-34.580000	-33.371000	-32.669000	-31.603000	-30.524000	-29.237000	-28.327000	-27.222000	-25.103000	-23.751000	-21.918000	-20.618000	-19.162000	-17.212000	-15.769000	-13.325000	-10.439000	-8.125000	-5.629000	-3.497000	-0.650000	1.729000	3.744000	6.292000	8.541000	10.933000	13.741000	15.392000	17.576000	19.916000	22.126000	23.491000	24.908000	26.468000	28.431000	29.627000	30.862000	32.396000	33.657000	34.619000	35.490000	36.426000	
input5
-21.333000	-22.581000	-24.050000	-25.207000	-27.079000	-28.431000	-30.004000	-31.252000	-32.500000	-33.449000	-34.580000	-35.451000	-20.098000	-18.681000	-16.991000	-15.288000	-13.715000	-11.258000	-8.853000	-6.253000	-3.640000	-0.949000	2.678000	4.472000	6.344000	8.073000	10.985000	12.428000	14.274000	16.120000	17.888000	19.162000	20.514000	22.672000	23.816000	25.298000	26.273000	27.274000	28.730000	29.419000	30.758000	31.876000	32.682000	33.423000	34.086000	34.463000	34.684000	34.788000	34.866000	34.619000	34.320000	33.891000	33.501000	32.916000	32.201000	31.278000	30.628000	29.939000	28.977000	27.703000	26.767000	25.792000	24.375000	23.140000	22.074000	20.904000	19.786000	
input6
-43.472000	-43.329000	-43.329000	-43.329000	-43.264000	-43.264000	-43.277000	-43.212000	-43.212000	-43.238000	-43.212000	-43.199000	-43.277000	-43.329000	-43.342000	-43.394000	-43.394000	-43.394000	-43.381000	-43.368000	-43.420000	-43.446000	-43.472000	-43.459000	-43.498000	-43.550000	-43.667000	-43.628000	-43.628000	-43.732000	-43.719000	-43.810000	-43.849000	-43.862000	-43.901000	-43.849000	-43.979000	-43.940000	-43.979000	-44.005000	-44.044000	-43.992000	-44.148000	-44.005000	-44.044000	-43.979000	-43.979000	-44.005000	-43.979000	-43.953000	-43.953000	-43.914000	-43.888000	-43.862000	-43.810000	-43.797000	-43.732000	-43.667000	-43.706000	-43.667000	-43.602000	-43.628000	-43.667000	-43.615000	-43.654000	-43.615000	-43.654000	
input7
0.000000	0.000000	0.000000	0.000000	0.000000	0.000000	0.000000	0.000000	0.000000	0.000000	0.000000	0.000000	0.000000	0.000000	0.000000	0.000000	0.000000	0.000000	0.000000	0.000000	0.000000	0.000000	0.000000	0.000000	0.000000	0.000000	0.000000	0.000000	0.000000	0.000000	0.000000	0.000000	0.000000	0.000000	0.000000	0.000000	0.000000	0.000000	0.000000	0.000000	0.000000	0.000000	0.000000	0.000000	0.000000	0.000000	0.000000	0.000000	0.000000	0.000000	0.000000	0.000000	0.000000	0.000000	0.000000	0.000000	0.000000	0.000000	0.000000	0.000000	0.000000	0.000000	0.000000	0.000000	0.000000	0.000000	0.000000	
input8
0.000000	0.000000	0.000000	0.000000	0.000000	0.000000	0.000000	0.000000	0.000000	0.000000	0.000000	0.000000	0.000000	0.000000	0.000000	0.000000	0.000000	0.000000	0.000000	0.000000	0.000000	0.000000	0.000000	0.000000	0.000000	0.000000	0.000000	0.000000	0.000000	0.000000	0.000000	0.000000	0.000000	0.000000	0.000000	0.000000	0.000000	0.000000	0.000000	0.000000	0.000000	0.000000	0.000000	0.000000	0.000000	0.000000	0.000000	0.000000	0.000000	0.000000	0.000000	0.000000	0.000000	0.000000	0.000000	0.000000	0.000000	0.000000	0.000000	0.000000	0.000000	0.000000	0.000000	0.000000	0.000000	0.000000	0.000000	
input9
0.000000	0.000000	0.000000	0.000000	0.000000	0.000000	0.000000	0.000000	0.000000	0.000000	0.000000	0.000000	0.000000	0.000000	0.000000	0.000000	0.000000	0.000000	0.000000	0.000000	0.000000	0.000000	0.000000	0.000000	0.000000	0.000000	0.000000	0.000000	0.000000	0.000000	0.000000	0.000000	0.000000	0.000000	0.000000	0.000000	0.000000	0.000000	0.000000	0.000000	0.000000	0.000000	0.000000	0.000000	0.000000	0.000000	0.000000	0.000000	0.000000	0.000000	0.000000	0.000000	0.000000	0.000000	0.000000	0.000000	0.000000	0.000000	0.000000	0.000000	0.000000	0.000000	0.000000	0.000000	0.000000	0.000000	0.000000	
input10
0.000000	0.000000	0.000000	0.000000	0.000000	0.000000	0.000000	0.000000	0.000000	0.000000	0.000000	0.000000	0.000000	0.000000	0.000000	0.000000	0.000000	0.000000	0.000000	0.000000	0.000000	0.000000	0.000000	0.000000	0.000000	0.000000	0.000000	0.000000	0.000000	0.000000	0.000000	0.000000	0.000000	0.000000	0.000000	0.000000	0.000000	0.000000	0.000000	0.000000	0.000000	0.000000	0.000000	0.000000	0.000000	0.000000	0.000000	0.000000	0.000000	0.000000	0.000000	0.000000	0.000000	0.000000	0.000000	0.000000	0.000000	0.000000	0.000000	0.000000	0.000000	0.000000	0.000000	0.000000	0.000000	0.000000	0.000000	
input11
0.000000	0.000000	0.000000	0.000000	0.000000	0.000000	0.000000	0.000000	0.000000	0.000000	0.000000	0.000000	0.000000	0.000000	0.000000	0.000000	0.000000	0.000000	0.000000	0.000000	0.000000	0.000000	0.000000	0.000000	0.000000	0.000000	0.000000	0.000000	0.000000	0.000000	0.000000	0.000000	0.000000	0.000000	0.000000	0.000000	0.000000	0.000000	0.000000	0.000000	0.000000	0.000000	0.000000	0.000000	0.000000	0.000000	0.000000	0.000000	0.000000	0.000000	0.000000	0.000000	0.000000	0.000000	0.000000	0.000000	0.000000	0.000000	0.000000	0.000000	0.000000	0.000000	0.000000	0.000000	0.000000	0.000000	0.000000	
input12
0.000000	0.000000	0.000000	0.000000	0.000000	0.000000	0.000000	0.000000	0.000000	0.000000	0.000000	0.000000	0.000000	0.000000	0.000000	0.000000	0.000000	0.000000	0.000000	0.000000	0.000000	0.000000	0.000000	0.000000	0.000000	0.000000	0.000000	0.000000	0.000000	0.000000	0.000000	0.000000	0.000000	0.000000	0.000000	0.000000	0.000000	0.000000	0.000000	0.000000	0.000000	0.000000	0.000000	0.000000	0.000000	0.000000	0.000000	0.000000	0.000000	0.000000	0.000000	0.000000	0.000000	0.000000	0.000000	0.000000	0.000000	0.000000	0.000000	0.000000	0.000000	0.000000	0.000000	0.000000	0.000000	0.000000	0.000000	
input13
0.000000	0.000000	0.000000	0.000000	0.000000	0.000000	0.000000	0.000000	0.000000	0.000000	0.000000	0.000000	0.000000	0.000000	0.000000	0.000000	0.000000	0.000000	0.000000	0.000000	0.000000	0.000000	0.000000	0.000000	0.000000	0.000000	0.000000	0.000000	0.000000	0.000000	0.000000	0.000000	0.000000	0.000000	0.000000	0.000000	0.000000	0.000000	0.000000	0.000000	0.000000	0.000000	0.000000	0.000000	0.000000	0.000000	0.000000	0.000000	0.000000	0.000000	0.000000	0.000000	0.000000	0.000000	0.000000	0.000000	0.000000	0.000000	0.000000	0.000000	0.000000	0.000000	0.000000	0.000000	0.000000	0.000000	0.000000	
input14
0.000000	0.000000	0.000000	0.000000	0.000000	0.000000	0.000000	0.000000	0.000000	0.000000	0.000000	0.000000	0.000000	0.000000	0.000000	0.000000	0.000000	0.000000	0.000000	0.000000	0.000000	0.000000	0.000000	0.000000	0.000000	0.000000	0.000000	0.000000	0.000000	0.000000	0.000000	0.000000	0.000000	0.000000	0.000000	0.000000	0.000000	0.000000	0.000000	0.000000	0.000000	0.000000	0.000000	0.000000	0.000000	0.000000	0.000000	0.000000	0.000000	0.000000	0.000000	0.000000	0.000000	0.000000	0.000000	0.000000	0.000000	0.000000	0.000000	0.000000	0.000000	0.000000	0.000000	0.000000	0.000000	0.000000	0.000000	
input15
0.000000	0.000000	0.000000	0.000000	0.000000	0.000000	0.000000	0.000000	0.000000	0.000000	0.000000	0.000000	0.000000	0.000000	0.000000	0.000000	0.000000	0.000000	0.000000	3.000000	
output1
57.739289	57.776835	57.850738	57.900446	57.980479	58.119708	58.176575	58.231574	58.343172	58.429431	58.521583	58.672333	57.718186	57.680404	57.598489	57.578098	57.441298	57.339727	57.168753	57.046686	56.968084	56.753833	56.529459	56.401906	56.284860	56.192101	56.045524	55.902783	55.730594	55.714063	55.552981	55.578029	55.539142	55.390028	55.304698	55.164502	55.222504	55.152307	55.279456	55.232046	55.348750	55.320414	55.526342	55.544780	55.802852	55.877306	56.036789	56.219770	56.474593	56.597615	56.826570	57.147654	57.318297	57.586925	57.903951	58.189779	58.330003	58.511188	58.740412	59.013429	59.121619	59.338796	59.585639	59.753841	59.928360	59.989879	60.199759	
output2
261.272244	261.151794	261.151622	261.148473	261.089136	261.102621	261.100480	261.039087	261.042195	261.064190	261.040227	261.046689	261.123629	261.170883	261.177635	261.229578	261.209414	261.203038	261.167138	261.141964	261.177392	261.157705	261.135419	261.097992	261.103953	261.124815	261.183248	261.116232	261.071771	261.145937	261.090325	261.163040	261.177228	261.136552	261.137270	261.046674	261.152698	261.090836	261.130088	261.125700	261.156339	261.075349	261.221180	261.079005	261.141798	261.070323	261.075849	261.112045	261.114499	261.091318	261.110689	261.112833	261.107361	261.116447	261.112854	261.135738	261.094838	261.062429	261.123887	261.125416	261.078934	261.131464	261.196621	261.173110	261.230132	261.198001	261.263487	
output3
261.272244	261.151794	261.151622	261.148473	261.089136	261.102621	261.100480	261.039087	261.042195	261.064190	261.040227	261.046689	261.123629	261.170883	261.177635	261.229578	261.209414	261.203038	261.167138	261.141964	261.177392	261.157705	261.135419	261.097992	261.103953	261.124815	261.183248	261.116232	261.071771	261.145937	261.090325	261.163040	261.177228	261.136552	261.137270	261.046674	261.152698	261.090836	261.130088	261.125700	261.156339	261.075349	261.221180	261.079005	261.141798	261.070323	261.075849	261.112045	261.114499	261.091318	261.110689	261.112833	261.107361	261.116447	261.112854	261.135738	261.094838	261.062429	261.123887	261.125416	261.078934	261.131464	261.196621	261.173110	261.230132	261.198001	261.263487	
output4
1.000000	0.000000	0.000000	1.000000	0.000000	1.000000	3.216893	-0.775528	214.673290	57.156538	1.207663	3.043222	261.130580	0.041497	0.141664	261.130580	0.041497	0.141664	0.000000	3.000000	