input0
115.000000
input1
0.000000	0.000000	0.000000	0.000000	0.000000	0.000000	0.000000	0.000000	0.000000	0.000000	0.000000	0.000000	0.000000	0.000000	0.000000	0.000000	0.000000	0.000000	0.000000	0.000000	0.000000	0.000000	0.000000	0.000000	0.000000	0.000000	0.000000	0.000000	0.000000	0.000000	0.000000	0.000000	0.000000	0.000000	0.000000	0.000000	0.000000	0.000000	0.000000	0.000000	0.000000	0.000000	0.000000	0.000000	0.000000	0.000000	0.000000	0.000000	0.000000	0.000000	0.000000	0.000000	0.000000	0.000000	0.000000	0.000000	0.000000	0.000000	0.000000	0.000000	0.000000	0.000000	0.000000	0.000000	0.000000	0.000000	0.000000	0.000000	0.000000	0.000000	0.000000	0.000000	0.000000	0.000000	0.000000	0.000000	0.000000	0.000000	0.000000	0.000000	0.000000	0.000000	0.000000	0.000000	0.000000	0.000000	0.000000	0.000000	0.000000	0.000000	0.000000	0.000000	0.000000	0.000000	0.000000	0.000000	0.000000	0.000000	0.000000	0.000000	0.000000	0.000000	0.000000	0.000000	0.000000	0.000000	0.000000	0.000000	0.000000	0.000000	0.000000	0.000000	0.000000	0.000000	0.000000	
input2
0.000000	0.000000	0.000000	0.000000	0.000000	0.000000	0.000000	0.000000	0.000000	0.000000	0.000000	0.000000	0.000000	0.000000	0.000000	0.000000	0.000000	0.000000	0.000000	0.000000	0.000000	0.000000	0.000000	0.000000	0.000000	0.000000	0.000000	0.000000	0.000000	0.000000	0.000000	0.000000	0.000000	0.000000	0.000000	0.000000	0.000000	0.000000	0.000000	0.000000	0.000000	0.000000	0.000000	0.000000	0.000000	0.000000	0.000000	0.000000	0.000000	0.000000	0.000000	0.000000	0.000000	0.000000	0.000000	0.000000	0.000000	0.000000	0.000000	0.000000	0.000000	0.000000	0.000000	0.000000	0.000000	0.000000	0.000000	0.000000	0.000000	0.000000	0.000000	0.000000	0.000000	0.000000	0.000000	0.000000	0.000000	0.000000	0.000000	0.000000	0.000000	0.000000	0.000000	0.000000	0.000000	0.000000	0.000000	0.000000	0.000000	0.000000	0.000000	0.000000	0.000000	0.000000	0.000000	0.000000	0.000000	0.000000	0.000000	0.000000	0.000000	0.000000	0.000000	0.000000	0.000000	0.000000	0.000000	0.000000	0.000000	0.000000	0.000000	0.000000	0.000000	0.000000	0.000000	
input3
0.000000	0.000000	0.000000	0.000000	0.000000	0.000000	0.000000	0.000000	0.000000	0.000000	0.000000	0.000000	0.000000	0.000000	0.000000	0.000000	0.000000	0.000000	0.000000	0.000000	0.000000	0.000000	0.000000	0.000000	0.000000	0.000000	0.000000	0.000000	0.000000	0.000000	0.000000	0.000000	0.000000	0.000000	0.000000	0.000000	0.000000	0.000000	0.000000	0.000000	0.000000	0.000000	0.000000	0.000000	0.000000	0.000000	0.000000	0.000000	0.000000	0.000000	0.000000	0.000000	0.000000	0.000000	0.000000	0.000000	0.000000	0.000000	0.000000	0.000000	0.000000	0.000000	0.000000	0.000000	0.000000	0.000000	0.000000	0.000000	0.000000	0.000000	0.000000	0.000000	0.000000	0.000000	0.000000	0.000000	0.000000	0.000000	0.000000	0.000000	0.000000	0.000000	0.000000	0.000000	0.000000	0.000000	0.000000	0.000000	0.000000	0.000000	0.000000	0.000000	0.000000	0.000000	0.000000	0.000000	0.000000	0.000000	0.000000	0.000000	0.000000	0.000000	0.000000	0.000000	0.000000	0.000000	0.000000	0.000000	0.000000	0.000000	0.000000	0.000000	0.000000	0.000000	0.000000	
input4
-31.447000	-30.836000	-29.848000	-28.977000	-27.508000	-26.416000	-24.726000	-23.387000	-21.918000	-20.631000	-19.019000	-17.875000	-32.474000	-33.176000	-33.917000	-34.619000	-35.048000	-35.750000	-36.166000	-36.530000	-36.699000	-36.504000	-36.036000	-35.672000	-35.152000	-34.580000	-33.371000	-32.669000	-31.603000	-30.524000	-29.237000	-28.327000	-27.222000	-25.103000	-23.751000	-21.918000	-20.618000	-19.162000	-17.212000	-15.769000	-13.325000	-10.439000	-8.125000	-5.629000	-3.497000	-0.650000	1.729000	3.744000	6.292000	8.541000	10.933000	13.741000	15.392000	17.576000	19.916000	22.126000	23.491000	24.908000	26.468000	28.431000	29.627000	30.862000	32.396000	33.657000	34.619000	35.490000	36.426000	37.258000	37.999000	38.909000	39.637000	40.625000	41.717000	42.341000	42.848000	43.212000	43.485000	43.602000	43.680000	43.589000	43.381000	43.095000	42.731000	42.237000	41.509000	40.430000	38.584000	37.622000	36.179000	34.645000	32.916000	31.486000	30.147000	28.743000	27.547000	26.169000	24.453000	22.282000	20.774000	19.123000	16.965000	14.573000	12.740000	9.737000	7.995000	5.395000	2.288000	-1.066000	-3.055000	-4.979000	-7.410000	-9.542000	-11.297000	-13.494000	-25.740000	
input5
-21.333000	-22.581000	-24.050000	-25.207000	-27.079000	-28.431000	-30.004000	-31.252000	-32.500000	-33.449000	-34.580000	-35.451000	-20.098000	-18.681000	-16.991000	-15.288000	-13.715000	-11.258000	-8.853000	-6.253000	-3.640000	-0.949000	2.678000	4.472000	6.344000	8.073000	10.985000	12.428000	14.274000	16.120000	17.888000	19.162000	20.514000	22.672000	23.816000	25.298000	26.273000	27.274000	28.730000	29.419000	30.758000	31.876000	32.682000	33.423000	34.086000	34.463000	34.684000	34.788000	34.866000	34.619000	34.320000	33.891000	33.501000	32.916000	32.201000	31.278000	30.628000	29.939000	28.977000	27.703000	26.767000	25.792000	24.375000	23.140000	22.074000	20.904000	19.786000	18.473000	17.225000	15.613000	14.196000	12.155000	9.191000	6.994000	4.927000	3.016000	1.053000	-1.248000	-3.315000	-5.486000	-7.475000	-9.282000	-11.206000	-13.091000	-15.522000	-18.070000	-21.580000	-23.231000	-25.402000	-27.053000	-29.055000	-30.524000	-31.655000	-32.643000	-33.722000	-34.658000	-35.711000	-36.855000	-37.505000	-38.272000	-38.987000	-39.715000	-40.118000	-40.664000	-40.963000	-41.028000	-40.898000	-40.612000	-40.274000	-39.871000	-39.247000	-38.506000	-37.869000	-37.011000	-27.183000	
input6
-43.472000	-43.329000	-43.329000	-43.329000	-43.264000	-43.264000	-43.277000	-43.212000	-43.212000	-43.238000	-43.212000	-43.199000	-43.277000	-43.329000	-43.342000	-43.394000	-43.394000	-43.394000	-43.381000	-43.368000	-43.420000	-43.446000	-43.472000	-43.459000	-43.498000	-43.550000	-43.667000	-43.628000	-43.628000	-43.732000	-43.719000	-43.810000	-43.849000	-43.862000	-43.901000	-43.849000	-43.979000	-43.940000	-43.979000	-44.005000	-44.044000	-43.992000	-44.148000	-44.005000	-44.044000	-43.979000	-43.979000	-44.005000	-43.979000	-43.953000	-43.953000	-43.914000	-43.888000	-43.862000	-43.810000	-43.797000	-43.732000	-43.667000	-43.706000	-43.667000	-43.602000	-43.628000	-43.667000	-43.615000	-43.654000	-43.615000	-43.654000	-43.615000	-43.641000	-43.641000	-43.628000	-43.563000	-43.576000	-43.472000	-43.589000	-43.537000	-43.511000	-43.433000	-43.472000	-43.459000	-43.485000	-43.459000	-43.407000	-43.394000	-43.407000	-43.420000	-43.472000	-43.433000	-43.433000	-43.433000	-43.433000	-43.446000	-43.420000	-43.472000	-43.472000	-43.420000	-43.433000	-43.420000	-43.407000	-43.355000	-43.511000	-43.342000	-43.381000	-43.303000	-43.329000	-43.368000	-43.420000	-43.446000	-43.420000	-43.433000	-43.459000	-43.420000	-43.472000	-43.485000	-44.239000	
input7
0.000000	0.000000	0.000000	0.000000	0.000000	0.000000	0.000000	0.000000	0.000000	0.000000	0.000000	0.000000	0.000000	0.000000	0.000000	0.000000	0.000000	0.000000	0.000000	0.000000	0.000000	0.000000	0.000000	0.000000	0.000000	0.000000	0.000000	0.000000	0.000000	0.000000	0.000000	0.000000	0.000000	0.000000	0.000000	0.000000	0.000000	0.000000	0.000000	0.000000	0.000000	0.000000	0.000000	0.000000	0.000000	0.000000	0.000000	0.000000	0.000000	0.000000	0.000000	0.000000	0.000000	0.000000	0.000000	0.000000	0.000000	0.000000	0.000000	0.000000	0.000000	0.000000	0.000000	0.000000	0.000000	0.000000	0.000000	0.000000	0.000000	0.000000	0.000000	0.000000	0.000000	0.000000	0.000000	0.000000	0.000000	0.000000	0.000000	0.000000	0.000000	0.000000	0.000000	0.000000	0.000000	0.000000	0.000000	0.000000	0.000000	0.000000	0.000000	0.000000	0.000000	0.000000	0.000000	0.000000	0.000000	0.000000	0.000000	0.000000	0.000000	0.000000	0.000000	0.000000	0.000000	0.000000	0.000000	0.000000	0.000000	0.000000	0.000000	0.000000	0.000000	0.000000	0.000000	
input8
0.000000	0.000000	0.000000	0.000000	0.000000	0.000000	0.000000	0.000000	0.000000	0.000000	0.000000	0.000000	0.000000	0.000000	0.000000	0.000000	0.000000	0.000000	0.000000	0.000000	0.000000	0.000000	0.000000	0.000000	0.000000	0.000000	0.000000	0.000000	0.000000	0.000000	0.000000	0.000000	0.000000	0.000000	0.000000	0.000000	0.000000	0.000000	0.000000	0.000000	0.000000	0.000000	0.000000	0.000000	0.000000	0.000000	0.000000	0.000000	0.000000	0.000000	0.000000	0.000000	0.000000	0.000000	0.000000	0.000000	0.000000	0.000000	0.000000	0.000000	0.000000	0.000000	0.000000	0.000000	0.000000	0.000000	0.000000	0.000000	0.000000	0.000000	0.000000	0.000000	0.000000	0.000000	0.000000	0.000000	0.000000	0.000000	0.000000	0.000000	0.000000	0.000000	0.000000	0.000000	0.000000	0.000000	0.000000	0.000000	0.000000	0.000000	0.000000	0.000000	0.000000	0.000000	0.000000	0.000000	0.000000	0.000000	0.000000	0.000000	0.000000	0.000000	0.000000	0.000000	0.000000	0.000000	0.000000	0.000000	0.000000	0.000000	0.000000	0.000000	0.000000	0.000000	0.000000	
input9
0.000000	0.000000	0.000000	0.000000	0.000000	0.000000	0.000000	0.000000	0.000000	0.000000	0.000000	0.000000	0.000000	0.000000	0.000000	0.000000	0.000000	0.000000	0.000000	0.000000	0.000000	0.000000	0.000000	0.000000	0.000000	0.000000	0.000000	0.000000	0.000000	0.000000	0.000000	0.000000	0.000000	0.000000	0.000000	0.000000	0.000000	0.000000	0.000000	0.000000	0.000000	0.000000	0.000000	0.000000	0.000000	0.000000	0.000000	0.000000	0.000000	0.000000	0.000000	0.000000	0.000000	0.000000	0.000000	0.000000	0.000000	0.000000	0.000000	0.000000	0.000000	0.000000	0.000000	0.000000	0.000000	0.000000	0.000000	0.000000	0.000000	0.000000	0.000000	0.000000	0.000000	0.000000	0.000000	0.000000	0.000000	0.000000	0.000000	0.000000	0.000000	0.000000	0.000000	0.000000	0.000000	0.000000	0.000000	0.000000	0.000000	0.000000	0.000000	0.000000	0.000000	0.000000	0.000000	0.000000	0.000000	0.000000	0.000000	0.000000	0.000000	0.000000	0.000000	0.000000	0.000000	0.000000	0.000000	0.000000	0.000000	0.000000	0.000000	0.000000	0.000000	0.000000	0.000000	
input10
0.000000	0.000000	0.000000	0.000000	0.000000	0.000000	0.000000	0.000000	0.000000	0.000000	0.000000	0.000000	0.000000	0.000000	0.000000	0.000000	0.000000	0.000000	0.000000	0.000000	0.000000	0.000000	0.000000	0.000000	0.000000	0.000000	0.000000	0.000000	0.000000	0.000000	0.000000	0.000000	0.000000	0.000000	0.000000	0.000000	0.000000	0.000000	0.000000	0.000000	0.000000	0.000000	0.000000	0.000000	0.000000	0.000000	0.000000	0.000000	0.000000	0.000000	0.000000	0.000000	0.000000	0.000000	0.000000	0.000000	0.000000	0.000000	0.000000	0.000000	0.000000	0.000000	0.000000	0.000000	0.000000	0.000000	0.000000	0.000000	0.000000	0.000000	0.000000	0.000000	0.000000	0.000000	0.000000	0.000000	0.000000	0.000000	0.000000	0.000000	0.000000	0.000000	0.000000	0.000000	0.000000	0.000000	0.000000	0.000000	0.000000	0.000000	0.000000	0.000000	0.000000	0.000000	0.000000	0.000000	0.000000	0.000000	0.000000	0.000000	0.000000	0.000000	0.000000	0.000000	0.000000	0.000000	0.000000	0.000000	0.000000	0.000000	0.000000	0.000000	0.000000	0.000000	0.000000	
input11
0.000000	0.000000	0.000000	0.000000	0.000000	0.000000	0.000000	0.000000	0.000000	0.000000	0.000000	0.000000	0.000000	0.000000	0.000000	0.000000	0.000000	0.000000	0.000000	0.000000	0.000000	0.000000	0.000000	0.000000	0.000000	0.000000	0.000000	0.000000	0.000000	0.000000	0.000000	0.000000	0.000000	0.000000	0.000000	0.000000	0.000000	0.000000	0.000000	0.000000	0.000000	0.000000	0.000000	0.000000	0.000000	0.000000	0.000000	0.000000	0.000000	0.000000	0.000000	0.000000	0.000000	0.000000	0.000000	0.000000	0.000000	0.000000	0.000000	0.000000	0.000000	0.000000	0.000000	0.000000	0.000000	0.000000	0.000000	0.000000	0.000000	0.000000	0.000000	0.000000	0.000000	0.000000	0.000000	0.000000	0.000000	0.000000	0.000000	0.000000	0.000000	0.000000	0.000000	0.000000	0.000000	0.000000	0.000000	0.000000	0.000000	0.000000	0.000000	0.000000	0.000000	0.000000	0.000000	0.000000	0.000000	0.000000	0.000000	0.000000	0.000000	0.000000	0.000000	0.000000	0.000000	0.000000	0.000000	0.000000	0.000000	0.000000	0.000000	0.000000	0.000000	0.000000	0.000000	
input12
0.000000	0.000000	0.000000	0.000000	0.000000	0.000000	0.000000	0.000000	0.000000	0.000000	0.000000	0.000000	0.000000	0.000000	0.000000	0.000000	0.000000	0.000000	0.000000	0.000000	0.000000	0.000000	0.000000	0.000000	0.000000	0.000000	0.000000	0.000000	0.000000	0.000000	0.000000	0.000000	0.000000	0.000000	0.000000	0.000000	0.000000	0.000000	0.000000	0.000000	0.000000	0.000000	0.000000	0.000000	0.000000	0.000000	0.000000	0.000000	0.000000	0.000000	0.000000	0.000000	0.000000	0.000000	0.000000	0.000000	0.000000	0.000000	0.000000	0.000000	0.000000	0.000000	0.000000	0.000000	0.000000	0.000000	0.000000	0.000000	0.000000	0.000000	0.000000	0.000000	0.000000	0.000000	0.000000	0.000000	0.000000	0.000000	0.000000	0.000000	0.000000	0.000000	0.000000	0.000000	0.000000	0.000000	0.000000	0.000000	0.000000	0.000000	0.000000	0.000000	0.000000	0.000000	0.000000	0.000000	0.000000	0.000000	0.000000	0.000000	0.000000	0.000000	0.000000	0.000000	0.000000	0.000000	0.000000	0.000000	0.000000	0.000000	0.000000	0.000000	0.000000	0.000000	0.000000	
input13
0.000000	0.000000	0.000000	0.000000	0.000000	0.000000	0.000000	0.000000	0.000000	0.000000	0.000000	0.000000	0.000000	0.000000	0.000000	0.000000	0.000000	0.000000	0.000000	0.000000	0.000000	0.000000	0.000000	0.000000	0.000000	0.000000	0.000000	0.000000	0.000000	0.000000	0.000000	0.000000	0.000000	0.000000	0.000000	0.000000	0.000000	0.000000	0.000000	0.000000	0.000000	0.000000	0.000000	0.000000	0.000000	0.000000	0.000000	0.000000	0.000000	0.000000	0.000000	0.000000	0.000000	0.000000	0.000000	0.000000	0.000000	0.000000	0.000000	0.000000	0.000000	0.000000	0.000000	0.000000	0.000000	0.000000	0.000000	0.000000	0.000000	0.000000	0.000000	0.000000	0.000000	0.000000	0.000000	0.000000	0.000000	0.000000	0.000000	0.000000	0.000000	0.000000	0.000000	0.000000	0.000000	0.000000	0.000000	0.000000	0.000000	0.000000	0.000000	0.000000	0.000000	0.000000	0.000000	0.000000	0.000000	0.000000	0.000000	0.000000	0.000000	0.000000	0.000000	0.000000	0.000000	0.000000	0.000000	0.000000	0.000000	0.000000	0.000000	0.000000	0.000000	0.000000	0.000000	
input14
0.000000	0.000000	0.000000	0.000000	0.000000	0.000000	0.000000	0.000000	0.000000	0.000000	0.000000	0.000000	0.000000	0.000000	0.000000	0.000000	0.000000	0.000000	0.000000	0.000000	0.000000	0.000000	0.000000	0.000000	0.000000	0.000000	0.000000	0.000000	0.000000	0.000000	0.000000	0.000000	0.000000	0.000000	0.000000	0.000000	0.000000	0.000000	0.000000	0.000000	0.000000	0.000000	0.000000	0.000000	0.000000	0.000000	0.000000	0.000000	0.000000	0.000000	0.000000	0.000000	0.000000	0.000000	0.000000	0.000000	0.000000	0.000000	0.000000	0.000000	0.000000	0.000000	0.000000	0.000000	0.000000	0.000000	0.000000	0.000000	0.000000	0.000000	0.000000	0.000000	0.000000	0.000000	0.000000	0.000000	0.000000	0.000000	0.000000	0.000000	0.000000	0.000000	0.000000	0.000000	0.000000	0.000000	0.000000	0.000000	0.000000	0.000000	0.000000	0.000000	0.000000	0.000000	0.000000	0.000000	0.000000	0.000000	0.000000	0.000000	0.000000	0.000000	0.000000	0.000000	0.000000	0.000000	0.000000	0.000000	0.000000	0.000000	0.000000	0.000000	0.000000	0.000000	0.000000	
input15
0.000000	0.000000	0.000000	0.000000	0.000000	0.000000	0.000000	0.000000	0.000000	0.000000	0.000000	0.000000	0.000000	0.000000	0.000000	0.000000	0.000000	0.000000	0.000000	3.000000	
output1
57.739289	57.776835	57.850738	57.900446	57.980479	58.119708	58.176575	58.231574	58.343172	58.429431	58.521583	58.672333	57.718186	57.680404	57.598489	57.578098	57.441298	57.339727	57.168753	57.046686	56.968084	56.753833	56.529459	56.401906	56.284860	56.192101	56.045524	55.902783	55.730594	55.714063	55.552981	55.578029	55.539142	55.390028	55.304698	55.164502	55.222504	55.152307	55.279456	55.232046	55.348750	55.320414	55.526342	55.544780	55.802852	55.877306	56.036789	56.219770	56.474593	56.597615	56.826570	57.147654	57.318297	57.586925	57.903951	58.189779	58.330003	58.511188	58.740412	59.013429	59.121619	59.338796	59.585639	59.753841	59.928360	59.989879	60.199759	60.263409	60.375173	60.516220	60.630195	60.793664	61.021720	61.085932	61.320693	61.415337	61.524476	61.555807	61.715042	61.796293	61.876749	61.903305	61.932870	61.954642	62.033033	62.019402	62.001905	61.979995	61.972632	61.794549	61.758251	61.730363	61.613124	61.494230	61.529060	61.410829	61.315987	61.156152	61.011079	60.910517	60.835882	60.565523	60.445618	60.195680	60.160532	59.943192	59.692359	59.481306	59.301134	59.168510	59.024739	58.813759	58.749452	58.675782	57.953017	
output2
180.225339	180.107357	180.095941	180.082306	180.011172	180.019910	179.997020	179.926778	179.919932	179.930790	179.896818	179.903880	180.109110	180.163835	180.179347	180.242466	180.223335	180.229955	180.198602	180.183736	180.226447	180.200550	180.175333	180.136038	180.135802	180.150256	180.194182	180.120924	180.063689	180.130778	180.062234	180.130464	180.137513	180.078450	180.064066	179.959407	180.055275	179.984738	180.026234	180.007570	180.034460	179.938555	180.076347	179.932396	180.003061	179.922862	179.925097	179.960335	179.968728	179.938981	179.958344	179.968625	179.965536	179.980897	179.988586	180.016029	179.978798	179.953512	180.014783	180.021916	179.975482	180.030643	180.094795	180.073853	180.129867	180.091986	180.160062	180.122385	180.151091	180.163491	180.163070	180.129657	180.164178	180.074828	180.209394	180.176952	180.169960	180.098157	180.159135	180.157804	180.189092	180.167164	180.127652	180.117175	180.144725	180.146744	180.182465	180.149945	180.155898	180.110258	180.113925	180.129088	180.086503	180.103454	180.129531	180.070399	180.072891	180.042826	180.009000	179.963512	180.090663	179.917956	179.940471	179.856491	179.897169	179.906803	179.927636	179.949553	179.915770	179.925744	179.954463	179.908495	179.968576	180.008364	180.679278	
output3
180.225339	180.107357	180.095941	180.082306	180.011172	180.019910	179.997020	179.926778	179.919932	179.930790	179.896818	179.903880	180.109110	180.163835	180.179347	180.242466	180.223335	180.229955	180.198602	180.183736	180.226447	180.200550	180.175333	180.136038	180.135802	180.150256	180.194182	180.120924	180.063689	180.130778	180.062234	180.130464	180.137513	180.078450	180.064066	179.959407	180.055275	179.984738	180.026234	180.007570	180.034460	179.938555	180.076347	179.932396	180.003061	179.922862	179.925097	179.960335	179.968728	179.938981	179.958344	179.968625	179.965536	179.980897	179.988586	180.016029	179.978798	179.953512	180.014783	180.021916	179.975482	180.030643	180.094795	180.073853	180.129867	180.091986	180.160062	180.122385	180.151091	180.163491	180.163070	180.129657	180.164178	180.074828	180.209394	180.176952	180.169960	180.098157	180.159135	180.157804	180.189092	180.167164	180.127652	180.117175	180.144725	180.146744	180.182465	180.149945	180.155898	180.110258	180.113925	180.129088	180.086503	180.103454	180.129531	180.070399	180.072891	180.042826	180.009000	179.963512	180.090663	179.917956	179.940471	179.856491	179.897169	179.906803	179.927636	179.949553	179.915770	179.925744	179.954463	179.908495	179.968576	180.008364	180.679278	
output4
1.000000	0.000000	0.000000	1.000000	0.000000	1.000000	3.748198	-1.787153	132.199371	58.694845	1.934706	3.542538	180.067756	0.090280	0.611523	180.067756	0.090280	0.611523	0.000000	3.000000	