input0
26.000000
input1
0.000000	0.000000	0.000000	0.000000	0.000000	0.000000	0.000000	0.000000	0.000000	0.000000	0.000000	0.000000	0.000000	0.000000	0.000000	0.000000	0.000000	0.000000	0.000000	0.000000	0.000000	0.000000	0.000000	0.000000	0.000000	0.000000	
input2
0.000000	0.000000	0.000000	0.000000	0.000000	0.000000	0.000000	0.000000	0.000000	0.000000	0.000000	0.000000	0.000000	0.000000	0.000000	0.000000	0.000000	0.000000	0.000000	0.000000	0.000000	0.000000	0.000000	0.000000	0.000000	0.000000	
input3
0.000000	0.000000	0.000000	0.000000	0.000000	0.000000	0.000000	0.000000	0.000000	0.000000	0.000000	0.000000	0.000000	0.000000	0.000000	0.000000	0.000000	0.000000	0.000000	0.000000	0.000000	0.000000	0.000000	0.000000	0.000000	0.000000	
input4
-31.447000	-30.836000	-29.848000	-28.977000	-27.508000	-26.416000	-24.726000	-23.387000	-21.918000	-20.631000	-19.019000	-17.875000	-32.474000	-33.176000	-33.917000	-34.619000	-35.048000	-35.750000	-36.166000	-36.530000	-36.699000	-36.504000	-36.036000	-35.672000	-35.152000	-34.580000	
input5
-21.333000	-22.581000	-24.050000	-25.207000	-27.079000	-28.431000	-30.004000	-31.252000	-32.500000	-33.449000	-34.580000	-35.451000	-20.098000	-18.681000	-16.991000	-15.288000	-13.715000	-11.258000	-8.853000	-6.253000	-3.640000	-0.949000	2.678000	4.472000	6.344000	8.073000	
input6
-43.472000	-43.329000	-43.329000	-43.329000	-43.264000	-43.264000	-43.277000	-43.212000	-43.212000	-43.238000	-43.212000	-43.199000	-43.277000	-43.329000	-43.342000	-43.394000	-43.394000	-43.394000	-43.381000	-43.368000	-43.420000	-43.446000	-43.472000	-43.459000	-43.498000	-43.550000	
input7
0.000000	0.000000	0.000000	0.000000	0.000000	0.000000	0.000000	0.000000	0.000000	0.000000	0.000000	0.000000	0.000000	0.000000	0.000000	0.000000	0.000000	0.000000	0.000000	0.000000	0.000000	0.000000	0.000000	0.000000	0.000000	0.000000	
input8
0.000000	0.000000	0.000000	0.000000	0.000000	0.000000	0.000000	0.000000	0.000000	0.000000	0.000000	0.000000	0.000000	0.000000	0.000000	0.000000	0.000000	0.000000	0.000000	0.000000	0.000000	0.000000	0.000000	0.000000	0.000000	0.000000	
input9
0.000000	0.000000	0.000000	0.000000	0.000000	0.000000	0.000000	0.000000	0.000000	0.000000	0.000000	0.000000	0.000000	0.000000	0.000000	0.000000	0.000000	0.000000	0.000000	0.000000	0.000000	0.000000	0.000000	0.000000	0.000000	0.000000	
input10
0.000000	0.000000	0.000000	0.000000	0.000000	0.000000	0.000000	0.000000	0.000000	0.000000	0.000000	0.000000	0.000000	0.000000	0.000000	0.000000	0.000000	0.000000	0.000000	0.000000	0.000000	0.000000	0.000000	0.000000	0.000000	0.000000	
input11
0.000000	0.000000	0.000000	0.000000	0.000000	0.000000	0.000000	0.000000	0.000000	0.000000	0.000000	0.000000	0.000000	0.000000	0.000000	0.000000	0.000000	0.000000	0.000000	0.000000	0.000000	0.000000	0.000000	0.000000	0.000000	0.000000	
input12
0.000000	0.000000	0.000000	0.000000	0.000000	0.000000	0.000000	0.000000	0.000000	0.000000	0.000000	0.000000	0.000000	0.000000	0.000000	0.000000	0.000000	0.000000	0.000000	0.000000	0.000000	0.000000	0.000000	0.000000	0.000000	0.000000	
input13
0.000000	0.000000	0.000000	0.000000	0.000000	0.000000	0.000000	0.000000	0.000000	0.000000	0.000000	0.000000	0.000000	0.000000	0.000000	0.000000	0.000000	0.000000	0.000000	0.000000	0.000000	0.000000	0.000000	0.000000	0.000000	0.000000	
input14
0.000000	0.000000	0.000000	0.000000	0.000000	0.000000	0.000000	0.000000	0.000000	0.000000	0.000000	0.000000	0.000000	0.000000	0.000000	0.000000	0.000000	0.000000	0.000000	0.000000	0.000000	0.000000	0.000000	0.000000	0.000000	0.000000	
input15
0.000000	0.000000	0.000000	0.000000	0.000000	0.000000	0.000000	0.000000	0.000000	0.000000	0.000000	0.000000	0.000000	0.000000	0.000000	0.000000	0.000000	0.000000	0.000000	3.000000	
output1
57.739289	57.776835	57.850738	57.900446	57.980479	58.119708	58.176575	58.231574	58.343172	58.429431	58.521583	58.672333	57.718186	57.680404	57.598489	57.578098	57.441298	57.339727	57.168753	57.046686	56.968084	56.753833	56.529459	56.401906	56.284860	56.192101	
output2
75.789561	75.728433	75.730665	75.726097	75.698796	75.755891	75.746314	75.723455	75.764132	75.804353	75.826980	75.908129	75.759535	75.799121	75.803578	75.867183	75.822212	75.837095	75.794219	75.795937	75.850968	75.799955	75.777654	75.746844	75.742996	75.755961	
output3
75.789561	75.728433	75.730665	75.726097	75.698796	75.755891	75.746314	75.723455	75.764132	75.804353	75.826980	75.908129	75.759535	75.799121	75.803578	75.867183	75.822212	75.837095	75.794219	75.795937	75.850968	75.799955	75.777654	75.746844	75.742996	75.755961	
output4
1.000000	0.000000	0.000000	1.000000	0.000000	1.000000	-0.099259	-2.860188	23.012073	57.555540	0.571438	1.363439	75.782926	0.040097	0.125204	75.782926	0.040097	0.125204	0.000000	3.000000	