input0
27.000000
input1
0.000000	0.000000	0.000000	0.000000	0.000000	0.000000	0.000000	0.000000	0.000000	0.000000	0.000000	0.000000	0.000000	0.000000	0.000000	0.000000	0.000000	0.000000	0.000000	0.000000	0.000000	0.000000	0.000000	0.000000	0.000000	0.000000	0.000000	
input2
0.000000	0.000000	0.000000	0.000000	0.000000	0.000000	0.000000	0.000000	0.000000	0.000000	0.000000	0.000000	0.000000	0.000000	0.000000	0.000000	0.000000	0.000000	0.000000	0.000000	0.000000	0.000000	0.000000	0.000000	0.000000	0.000000	0.000000	
input3
0.000000	0.000000	0.000000	0.000000	0.000000	0.000000	0.000000	0.000000	0.000000	0.000000	0.000000	0.000000	0.000000	0.000000	0.000000	0.000000	0.000000	0.000000	0.000000	0.000000	0.000000	0.000000	0.000000	0.000000	0.000000	0.000000	0.000000	
input4
71.140000	48.500000	-28.260000	-24.833000	61.200000	-49.060000	51.693000	-38.407000	-24.887000	42.680000	-34.947000	-0.320000	38.993000	-20.833000	-23.900000	-21.687000	-38.700000	63.327000	40.980000	50.080000	75.813000	70.653000	67.680000	69.427000	-11.373000	-21.607000	54.300000	
input5
34.507000	56.333000	70.587000	52.020000	28.547000	50.120000	44.500000	64.547000	51.173000	46.800000	52.700000	40.387000	42.487000	63.660000	55.807000	55.520000	42.247000	28.773000	55.147000	54.600000	24.320000	36.073000	40.400000	37.660000	79.847000	62.607000	33.473000	
input6
9.120000	-17.920000	-13.707000	-40.967000	-16.973000	13.387000	-27.700000	-4.847000	46.640000	-37.107000	35.560000	-55.253000	-42.587000	36.447000	-38.020000	43.427000	37.907000	2.227000	-30.760000	-19.967000	-1.207000	-2.133000	-2.213000	0.933000	-0.707000	-31.560000	29.000000	
input7
0.000000	0.000000	0.000000	0.000000	0.000000	0.000000	0.000000	0.000000	0.000000	0.000000	0.000000	0.000000	0.000000	0.000000	0.000000	0.000000	0.000000	0.000000	0.000000	0.000000	0.000000	0.000000	0.000000	0.000000	0.000000	0.000000	0.000000	
input8
0.000000	0.000000	0.000000	0.000000	0.000000	0.000000	0.000000	0.000000	0.000000	0.000000	0.000000	0.000000	0.000000	0.000000	0.000000	0.000000	0.000000	0.000000	0.000000	0.000000	0.000000	0.000000	0.000000	0.000000	0.000000	0.000000	0.000000	
input9
0.000000	0.000000	0.000000	0.000000	0.000000	0.000000	0.000000	0.000000	0.000000	0.000000	0.000000	0.000000	0.000000	0.000000	0.000000	0.000000	0.000000	0.000000	0.000000	0.000000	0.000000	0.000000	0.000000	0.000000	0.000000	0.000000	0.000000	
input10
0.000000	0.000000	0.000000	0.000000	0.000000	0.000000	0.000000	0.000000	0.000000	0.000000	0.000000	0.000000	0.000000	0.000000	0.000000	0.000000	0.000000	0.000000	0.000000	0.000000	0.000000	0.000000	0.000000	0.000000	0.000000	0.000000	0.000000	
input11
0.000000	0.000000	0.000000	0.000000	0.000000	0.000000	0.000000	0.000000	0.000000	0.000000	0.000000	0.000000	0.000000	0.000000	0.000000	0.000000	0.000000	0.000000	0.000000	0.000000	0.000000	0.000000	0.000000	0.000000	0.000000	0.000000	0.000000	
input12
0.000000	0.000000	0.000000	0.000000	0.000000	0.000000	0.000000	0.000000	0.000000	0.000000	0.000000	0.000000	0.000000	0.000000	0.000000	0.000000	0.000000	0.000000	0.000000	0.000000	0.000000	0.000000	0.000000	0.000000	0.000000	0.000000	0.000000	
input13
0.000000	0.000000	0.000000	0.000000	0.000000	0.000000	0.000000	0.000000	0.000000	0.000000	0.000000	0.000000	0.000000	0.000000	0.000000	0.000000	0.000000	0.000000	0.000000	0.000000	0.000000	0.000000	0.000000	0.000000	0.000000	0.000000	0.000000	
input14
0.000000	0.000000	0.000000	0.000000	0.000000	0.000000	0.000000	0.000000	0.000000	0.000000	0.000000	0.000000	0.000000	0.000000	0.000000	0.000000	0.000000	0.000000	0.000000	0.000000	0.000000	0.000000	0.000000	0.000000	0.000000	0.000000	0.000000	
input15
0.000000	0.000000	0.000000	0.000000	0.000000	0.000000	0.000000	0.000000	0.000000	0.000000	0.000000	0.000000	0.000000	0.000000	0.000000	0.000000	0.000000	0.000000	0.000000	3.000000	
output1
79.591501	76.464262	77.259524	70.718126	69.630840	71.401049	73.618654	75.265572	73.575324	73.408118	72.547201	68.440530	71.688575	76.256103	71.632057	73.747547	68.698178	69.592773	75.277683	76.732311	79.627446	79.357781	78.852012	78.988951	80.655988	73.365745	70.070905	
output2
66.912381	60.394375	64.790279	63.676811	59.258846	64.616215	60.689293	64.728457	62.627196	61.191951	62.588401	62.842935	61.143264	62.251963	63.347014	61.369651	61.599238	57.828815	60.766183	61.205356	69.780171	66.800714	65.271266	65.882838	63.937422	62.767629	56.355601	
output3
66.912381	60.394375	64.790279	63.676811	59.258846	64.616215	60.689293	64.728457	62.627196	61.191951	62.588401	62.842935	61.143264	62.251963	63.347014	61.369651	61.599238	57.828815	60.766183	61.205356	69.780171	66.800714	65.271266	65.882838	63.937422	62.767629	56.355601	
output4
1.000000	0.000000	0.000000	1.000000	0.000000	1.000000	6.416334	18.564594	3.293041	74.313510	3.153113	6.342478	62.763862	2.179550	7.016309	62.763862	2.179550	7.016309	0.000000	3.000000	