input0
28.000000
input1
0.000000	0.000000	0.000000	0.000000	0.000000	0.000000	0.000000	0.000000	0.000000	0.000000	0.000000	0.000000	0.000000	0.000000	0.000000	0.000000	0.000000	0.000000	0.000000	0.000000	0.000000	0.000000	0.000000	0.000000	0.000000	0.000000	0.000000	0.000000	
input2
0.000000	0.000000	0.000000	0.000000	0.000000	0.000000	0.000000	0.000000	0.000000	0.000000	0.000000	0.000000	0.000000	0.000000	0.000000	0.000000	0.000000	0.000000	0.000000	0.000000	0.000000	0.000000	0.000000	0.000000	0.000000	0.000000	0.000000	0.000000	
input3
0.000000	0.000000	0.000000	0.000000	0.000000	0.000000	0.000000	0.000000	0.000000	0.000000	0.000000	0.000000	0.000000	0.000000	0.000000	0.000000	0.000000	0.000000	0.000000	0.000000	0.000000	0.000000	0.000000	0.000000	0.000000	0.000000	0.000000	0.000000	
input4
71.140000	48.500000	-28.260000	-24.833000	61.200000	-49.060000	51.693000	-38.407000	-24.887000	42.680000	-34.947000	-0.320000	38.993000	-20.833000	-23.900000	-21.687000	-38.700000	63.327000	40.980000	50.080000	75.813000	70.653000	67.680000	69.427000	-11.373000	-21.607000	54.300000	-46.307000	
input5
34.507000	56.333000	70.587000	52.020000	28.547000	50.120000	44.500000	64.547000	51.173000	46.800000	52.700000	40.387000	42.487000	63.660000	55.807000	55.520000	42.247000	28.773000	55.147000	54.600000	24.320000	36.073000	40.400000	37.660000	79.847000	62.607000	33.473000	53.607000	
input6
9.120000	-17.920000	-13.707000	-40.967000	-16.973000	13.387000	-27.700000	-4.847000	46.640000	-37.107000	35.560000	-55.253000	-42.587000	36.447000	-38.020000	43.427000	37.907000	2.227000	-30.760000	-19.967000	-1.207000	-2.133000	-2.213000	0.933000	-0.707000	-31.560000	29.000000	-5.133000	
input7
0.000000	0.000000	0.000000	0.000000	0.000000	0.000000	0.000000	0.000000	0.000000	0.000000	0.000000	0.000000	0.000000	0.000000	0.000000	0.000000	0.000000	0.000000	0.000000	0.000000	0.000000	0.000000	0.000000	0.000000	0.000000	0.000000	0.000000	0.000000	
input8
0.000000	0.000000	0.000000	0.000000	0.000000	0.000000	0.000000	0.000000	0.000000	0.000000	0.000000	0.000000	0.000000	0.000000	0.000000	0.000000	0.000000	0.000000	0.000000	0.000000	0.000000	0.000000	0.000000	0.000000	0.000000	0.000000	0.000000	0.000000	
input9
0.000000	0.000000	0.000000	0.000000	0.000000	0.000000	0.000000	0.000000	0.000000	0.000000	0.000000	0.000000	0.000000	0.000000	0.000000	0.000000	0.000000	0.000000	0.000000	0.000000	0.000000	0.000000	0.000000	0.000000	0.000000	0.000000	0.000000	0.000000	
input10
0.000000	0.000000	0.000000	0.000000	0.000000	0.000000	0.000000	0.000000	0.000000	0.000000	0.000000	0.000000	0.000000	0.000000	0.000000	0.000000	0.000000	0.000000	0.000000	0.000000	0.000000	0.000000	0.000000	0.000000	0.000000	0.000000	0.000000	0.000000	
input11
0.000000	0.000000	0.000000	0.000000	0.000000	0.000000	0.000000	0.000000	0.000000	0.000000	0.000000	0.000000	0.000000	0.000000	0.000000	0.000000	0.000000	0.000000	0.000000	0.000000	0.000000	0.000000	0.000000	0.000000	0.000000	0.000000	0.000000	0.000000	
input12
0.000000	0.000000	0.000000	0.000000	0.000000	0.000000	0.000000	0.000000	0.000000	0.000000	0.000000	0.000000	0.000000	0.000000	0.000000	0.000000	0.000000	0.000000	0.000000	0.000000	0.000000	0.000000	0.000000	0.000000	0.000000	0.000000	0.000000	0.000000	
input13
0.000000	0.000000	0.000000	0.000000	0.000000	0.000000	0.000000	0.000000	0.000000	0.000000	0.000000	0.000000	0.000000	0.000000	0.000000	0.000000	0.000000	0.000000	0.000000	0.000000	0.000000	0.000000	0.000000	0.000000	0.000000	0.000000	0.000000	0.000000	
input14
0.000000	0.000000	0.000000	0.000000	0.000000	0.000000	0.000000	0.000000	0.000000	0.000000	0.000000	0.000000	0.000000	0.000000	0.000000	0.000000	0.000000	0.000000	0.000000	0.000000	0.000000	0.000000	0.000000	0.000000	0.000000	0.000000	0.000000	0.000000	
input15
0.000000	0.000000	0.000000	0.000000	0.000000	0.000000	0.000000	0.000000	0.000000	0.000000	0.000000	0.000000	0.000000	0.000000	0.000000	0.000000	0.000000	0.000000	0.000000	3.000000	
output1
79.591501	76.464262	77.259524	70.718126	69.630840	71.401049	73.618654	75.265572	73.575324	73.408118	72.547201	68.440530	71.688575	76.256103	71.632057	73.747547	68.698178	69.592773	75.277683	76.732311	79.627446	79.357781	78.852012	78.988951	80.655988	73.365745	70.070905	71.023914	
output2
67.078410	60.586387	64.875885	63.693582	59.387327	64.619122	60.840837	64.782979	62.702331	61.325647	62.641725	62.859321	61.252014	62.368047	63.379552	61.464310	61.614062	57.980012	60.929358	61.390802	69.911837	66.963501	65.445604	66.052500	64.093035	62.830844	56.529032	63.871142	
output3
67.078410	60.586387	64.875885	63.693582	59.387327	64.619122	60.840837	64.782979	62.702331	61.325647	62.641725	62.859321	61.252014	62.368047	63.379552	61.464310	61.614062	57.980012	60.929358	61.390802	69.911837	66.963501	65.445604	66.052500	64.093035	62.830844	56.529032	63.871142	
output4
1.000000	0.000000	0.000000	1.000000	0.000000	1.000000	6.297922	18.365281	3.249489	74.196024	3.141203	6.459964	62.909614	2.132270	7.002223	62.909614	2.132270	7.002223	0.000000	3.000000	