input0
24.000000
input1
0.000000	0.000000	0.000000	0.000000	0.000000	0.000000	0.000000	0.000000	0.000000	0.000000	0.000000	0.000000	0.000000	0.000000	0.000000	0.000000	0.000000	0.000000	0.000000	0.000000	0.000000	0.000000	0.000000	0.000000	
input2
0.000000	0.000000	0.000000	0.000000	0.000000	0.000000	0.000000	0.000000	0.000000	0.000000	0.000000	0.000000	0.000000	0.000000	0.000000	0.000000	0.000000	0.000000	0.000000	0.000000	0.000000	0.000000	0.000000	0.000000	
input3
0.000000	0.000000	0.000000	0.000000	0.000000	0.000000	0.000000	0.000000	0.000000	0.000000	0.000000	0.000000	0.000000	0.000000	0.000000	0.000000	0.000000	0.000000	0.000000	0.000000	0.000000	0.000000	0.000000	0.000000	
input4
71.140000	48.500000	-28.260000	-24.833000	61.200000	-49.060000	51.693000	-38.407000	-24.887000	42.680000	-34.947000	-0.320000	38.993000	-20.833000	-23.900000	-21.687000	-38.700000	63.327000	40.980000	50.080000	75.813000	70.653000	67.680000	69.427000	
input5
34.507000	56.333000	70.587000	52.020000	28.547000	50.120000	44.500000	64.547000	51.173000	46.800000	52.700000	40.387000	42.487000	63.660000	55.807000	55.520000	42.247000	28.773000	55.147000	54.600000	24.320000	36.073000	40.400000	37.660000	
input6
9.120000	-17.920000	-13.707000	-40.967000	-16.973000	13.387000	-27.700000	-4.847000	46.640000	-37.107000	35.560000	-55.253000	-42.587000	36.447000	-38.020000	43.427000	37.907000	2.227000	-30.760000	-19.967000	-1.207000	-2.133000	-2.213000	0.933000	
input7
0.000000	0.000000	0.000000	0.000000	0.000000	0.000000	0.000000	0.000000	0.000000	0.000000	0.000000	0.000000	0.000000	0.000000	0.000000	0.000000	0.000000	0.000000	0.000000	0.000000	0.000000	0.000000	0.000000	0.000000	
input8
0.000000	0.000000	0.000000	0.000000	0.000000	0.000000	0.000000	0.000000	0.000000	0.000000	0.000000	0.000000	0.000000	0.000000	0.000000	0.000000	0.000000	0.000000	0.000000	0.000000	0.000000	0.000000	0.000000	0.000000	
input9
0.000000	0.000000	0.000000	0.000000	0.000000	0.000000	0.000000	0.000000	0.000000	0.000000	0.000000	0.000000	0.000000	0.000000	0.000000	0.000000	0.000000	0.000000	0.000000	0.000000	0.000000	0.000000	0.000000	0.000000	
input10
0.000000	0.000000	0.000000	0.000000	0.000000	0.000000	0.000000	0.000000	0.000000	0.000000	0.000000	0.000000	0.000000	0.000000	0.000000	0.000000	0.000000	0.000000	0.000000	0.000000	0.000000	0.000000	0.000000	0.000000	
input11
0.000000	0.000000	0.000000	0.000000	0.000000	0.000000	0.000000	0.000000	0.000000	0.000000	0.000000	0.000000	0.000000	0.000000	0.000000	0.000000	0.000000	0.000000	0.000000	0.000000	0.000000	0.000000	0.000000	0.000000	
input12
0.000000	0.000000	0.000000	0.000000	0.000000	0.000000	0.000000	0.000000	0.000000	0.000000	0.000000	0.000000	0.000000	0.000000	0.000000	0.000000	0.000000	0.000000	0.000000	0.000000	0.000000	0.000000	0.000000	0.000000	
input13
0.000000	0.000000	0.000000	0.000000	0.000000	0.000000	0.000000	0.000000	0.000000	0.000000	0.000000	0.000000	0.000000	0.000000	0.000000	0.000000	0.000000	0.000000	0.000000	0.000000	0.000000	0.000000	0.000000	0.000000	
input14
0.000000	0.000000	0.000000	0.000000	0.000000	0.000000	0.000000	0.000000	0.000000	0.000000	0.000000	0.000000	0.000000	0.000000	0.000000	0.000000	0.000000	0.000000	0.000000	0.000000	0.000000	0.000000	0.000000	0.000000	
input15
0.000000	0.000000	0.000000	0.000000	0.000000	0.000000	0.000000	0.000000	0.000000	0.000000	0.000000	0.000000	0.000000	0.000000	0.000000	0.000000	0.000000	0.000000	0.000000	3.000000	
output1
79.591501	76.464262	77.259524	70.718126	69.630840	71.401049	73.618654	75.265572	73.575324	73.408118	72.547201	68.440530	71.688575	76.256103	71.632057	73.747547	68.698178	69.592773	75.277683	76.732311	79.627446	79.357781	78.852012	78.988951	
output2
67.290313	61.945160	66.773414	65.394595	59.818279	65.667640	61.937789	66.435469	63.312000	62.637826	63.473842	64.322483	62.514945	63.478158	65.162387	62.251384	62.117732	58.158399	62.434902	62.698807	69.935115	67.355777	65.985505	66.463948	
output3
67.290313	61.945160	66.773414	65.394595	59.818279	65.667640	61.937789	66.435469	63.312000	62.637826	63.473842	64.322483	62.514945	63.478158	65.162387	62.251384	62.117732	58.158399	62.434902	62.698807	69.935115	67.355777	65.985505	66.463948	
output4
1.000000	0.000000	0.000000	1.000000	0.000000	1.000000	6.523855	16.424121	4.045599	74.265505	3.062716	5.824975	64.065245	2.172413	5.906846	64.065245	2.172413	5.906846	0.000000	3.000000	