input0
22.000000
input1
0.000000	0.000000	0.000000	0.000000	0.000000	0.000000	0.000000	0.000000	0.000000	0.000000	0.000000	0.000000	0.000000	0.000000	0.000000	0.000000	0.000000	0.000000	0.000000	0.000000	0.000000	0.000000	
input2
0.000000	0.000000	0.000000	0.000000	0.000000	0.000000	0.000000	0.000000	0.000000	0.000000	0.000000	0.000000	0.000000	0.000000	0.000000	0.000000	0.000000	0.000000	0.000000	0.000000	0.000000	0.000000	
input3
0.000000	0.000000	0.000000	0.000000	0.000000	0.000000	0.000000	0.000000	0.000000	0.000000	0.000000	0.000000	0.000000	0.000000	0.000000	0.000000	0.000000	0.000000	0.000000	0.000000	0.000000	0.000000	
input4
71.140000	48.500000	-28.260000	-24.833000	61.200000	-49.060000	51.693000	-38.407000	-24.887000	42.680000	-34.947000	-0.320000	38.993000	-20.833000	-23.900000	-21.687000	-38.700000	63.327000	40.980000	50.080000	75.813000	70.653000	
input5
34.507000	56.333000	70.587000	52.020000	28.547000	50.120000	44.500000	64.547000	51.173000	46.800000	52.700000	40.387000	42.487000	63.660000	55.807000	55.520000	42.247000	28.773000	55.147000	54.600000	24.320000	36.073000	
input6
9.120000	-17.920000	-13.707000	-40.967000	-16.973000	13.387000	-27.700000	-4.847000	46.640000	-37.107000	35.560000	-55.253000	-42.587000	36.447000	-38.020000	43.427000	37.907000	2.227000	-30.760000	-19.967000	-1.207000	-2.133000	
input7
0.000000	0.000000	0.000000	0.000000	0.000000	0.000000	0.000000	0.000000	0.000000	0.000000	0.000000	0.000000	0.000000	0.000000	0.000000	0.000000	0.000000	0.000000	0.000000	0.000000	0.000000	0.000000	
input8
0.000000	0.000000	0.000000	0.000000	0.000000	0.000000	0.000000	0.000000	0.000000	0.000000	0.000000	0.000000	0.000000	0.000000	0.000000	0.000000	0.000000	0.000000	0.000000	0.000000	0.000000	0.000000	
input9
0.000000	0.000000	0.000000	0.000000	0.000000	0.000000	0.000000	0.000000	0.000000	0.000000	0.000000	0.000000	0.000000	0.000000	0.000000	0.000000	0.000000	0.000000	0.000000	0.000000	0.000000	0.000000	
input10
0.000000	0.000000	0.000000	0.000000	0.000000	0.000000	0.000000	0.000000	0.000000	0.000000	0.000000	0.000000	0.000000	0.000000	0.000000	0.000000	0.000000	0.000000	0.000000	0.000000	0.000000	0.000000	
input11
0.000000	0.000000	0.000000	0.000000	0.000000	0.000000	0.000000	0.000000	0.000000	0.000000	0.000000	0.000000	0.000000	0.000000	0.000000	0.000000	0.000000	0.000000	0.000000	0.000000	0.000000	0.000000	
input12
0.000000	0.000000	0.000000	0.000000	0.000000	0.000000	0.000000	0.000000	0.000000	0.000000	0.000000	0.000000	0.000000	0.000000	0.000000	0.000000	0.000000	0.000000	0.000000	0.000000	0.000000	0.000000	
input13
0.000000	0.000000	0.000000	0.000000	0.000000	0.000000	0.000000	0.000000	0.000000	0.000000	0.000000	0.000000	0.000000	0.000000	0.000000	0.000000	0.000000	0.000000	0.000000	0.000000	0.000000	0.000000	
input14
0.000000	0.000000	0.000000	0.000000	0.000000	0.000000	0.000000	0.000000	0.000000	0.000000	0.000000	0.000000	0.000000	0.000000	0.000000	0.000000	0.000000	0.000000	0.000000	0.000000	0.000000	0.000000	
input15
0.000000	0.000000	0.000000	0.000000	0.000000	0.000000	0.000000	0.000000	0.000000	0.000000	0.000000	0.000000	0.000000	0.000000	0.000000	0.000000	0.000000	0.000000	0.000000	3.000000	
output1
79.591501	76.464262	77.259524	70.718126	69.630840	71.401049	73.618654	75.265572	73.575324	73.408118	72.547201	68.440530	71.688575	76.256103	71.632057	73.747547	68.698178	69.592773	75.277683	76.732311	79.627446	79.357781	
output2
67.888961	62.400515	66.719042	65.132691	60.237177	65.474626	62.302176	66.314642	63.474427	62.892329	63.510233	64.112498	62.688727	63.690472	64.941656	62.450426	62.077360	58.712184	62.755662	63.141276	70.447053	67.905997	
output3
67.888961	62.400515	66.719042	65.132691	60.237177	65.474626	62.302176	66.314642	63.474427	62.892329	63.510233	64.112498	62.688727	63.690472	64.941656	62.450426	62.077360	58.712184	62.755662	63.141276	70.447053	67.905997	
output4
1.000000	0.000000	0.000000	1.000000	0.000000	1.000000	6.024886	16.071363	3.729240	73.842325	2.841023	5.785121	64.057733	2.037961	6.389320	64.057733	2.037961	6.389320	0.000000	3.000000	