input0
31.000000
input1
0.000000	0.000000	0.000000	0.000000	0.000000	0.000000	0.000000	0.000000	0.000000	0.000000	0.000000	0.000000	0.000000	0.000000	0.000000	0.000000	0.000000	0.000000	0.000000	0.000000	0.000000	0.000000	0.000000	0.000000	0.000000	0.000000	0.000000	0.000000	0.000000	0.000000	0.000000	
input2
0.000000	0.000000	0.000000	0.000000	0.000000	0.000000	0.000000	0.000000	0.000000	0.000000	0.000000	0.000000	0.000000	0.000000	0.000000	0.000000	0.000000	0.000000	0.000000	0.000000	0.000000	0.000000	0.000000	0.000000	0.000000	0.000000	0.000000	0.000000	0.000000	0.000000	0.000000	
input3
0.000000	0.000000	0.000000	0.000000	0.000000	0.000000	0.000000	0.000000	0.000000	0.000000	0.000000	0.000000	0.000000	0.000000	0.000000	0.000000	0.000000	0.000000	0.000000	0.000000	0.000000	0.000000	0.000000	0.000000	0.000000	0.000000	0.000000	0.000000	0.000000	0.000000	0.000000	
input4
71.140000	48.500000	-28.260000	-24.833000	61.200000	-49.060000	51.693000	-38.407000	-24.887000	42.680000	-34.947000	-0.320000	38.993000	-20.833000	-23.900000	-21.687000	-38.700000	63.327000	40.980000	50.080000	75.813000	70.653000	67.680000	69.427000	-11.373000	-21.607000	54.300000	-46.307000	55.693000	66.280000	68.680000	
input5
34.507000	56.333000	70.587000	52.020000	28.547000	50.120000	44.500000	64.547000	51.173000	46.800000	52.700000	40.387000	42.487000	63.660000	55.807000	55.520000	42.247000	28.773000	55.147000	54.600000	24.320000	36.073000	40.400000	37.660000	79.847000	62.607000	33.473000	53.607000	44.707000	38.907000	39.360000	
input6
9.120000	-17.920000	-13.707000	-40.967000	-16.973000	13.387000	-27.700000	-4.847000	46.640000	-37.107000	35.560000	-55.253000	-42.587000	36.447000	-38.020000	43.427000	37.907000	2.227000	-30.760000	-19.967000	-1.207000	-2.133000	-2.213000	0.933000	-0.707000	-31.560000	29.000000	-5.133000	-15.547000	-9.500000	-5.333000	
input7
0.000000	0.000000	0.000000	0.000000	0.000000	0.000000	0.000000	0.000000	0.000000	0.000000	0.000000	0.000000	0.000000	0.000000	0.000000	0.000000	0.000000	0.000000	0.000000	0.000000	0.000000	0.000000	0.000000	0.000000	0.000000	0.000000	0.000000	0.000000	0.000000	0.000000	0.000000	
input8
0.000000	0.000000	0.000000	0.000000	0.000000	0.000000	0.000000	0.000000	0.000000	0.000000	0.000000	0.000000	0.000000	0.000000	0.000000	0.000000	0.000000	0.000000	0.000000	0.000000	0.000000	0.000000	0.000000	0.000000	0.000000	0.000000	0.000000	0.000000	0.000000	0.000000	0.000000	
input9
0.000000	0.000000	0.000000	0.000000	0.000000	0.000000	0.000000	0.000000	0.000000	0.000000	0.000000	0.000000	0.000000	0.000000	0.000000	0.000000	0.000000	0.000000	0.000000	0.000000	0.000000	0.000000	0.000000	0.000000	0.000000	0.000000	0.000000	0.000000	0.000000	0.000000	0.000000	
input10
0.000000	0.000000	0.000000	0.000000	0.000000	0.000000	0.000000	0.000000	0.000000	0.000000	0.000000	0.000000	0.000000	0.000000	0.000000	0.000000	0.000000	0.000000	0.000000	0.000000	0.000000	0.000000	0.000000	0.000000	0.000000	0.000000	0.000000	0.000000	0.000000	0.000000	0.000000	
input11
0.000000	0.000000	0.000000	0.000000	0.000000	0.000000	0.000000	0.000000	0.000000	0.000000	0.000000	0.000000	0.000000	0.000000	0.000000	0.000000	0.000000	0.000000	0.000000	0.000000	0.000000	0.000000	0.000000	0.000000	0.000000	0.000000	0.000000	0.000000	0.000000	0.000000	0.000000	
input12
0.000000	0.000000	0.000000	0.000000	0.000000	0.000000	0.000000	0.000000	0.000000	0.000000	0.000000	0.000000	0.000000	0.000000	0.000000	0.000000	0.000000	0.000000	0.000000	0.000000	0.000000	0.000000	0.000000	0.000000	0.000000	0.000000	0.000000	0.000000	0.000000	0.000000	0.000000	
input13
0.000000	0.000000	0.000000	0.000000	0.000000	0.000000	0.000000	0.000000	0.000000	0.000000	0.000000	0.000000	0.000000	0.000000	0.000000	0.000000	0.000000	0.000000	0.000000	0.000000	0.000000	0.000000	0.000000	0.000000	0.000000	0.000000	0.000000	0.000000	0.000000	0.000000	0.000000	
input14
0.000000	0.000000	0.000000	0.000000	0.000000	0.000000	0.000000	0.000000	0.000000	0.000000	0.000000	0.000000	0.000000	0.000000	0.000000	0.000000	0.000000	0.000000	0.000000	0.000000	0.000000	0.000000	0.000000	0.000000	0.000000	0.000000	0.000000	0.000000	0.000000	0.000000	0.000000	
input15
0.000000	0.000000	0.000000	0.000000	0.000000	0.000000	0.000000	0.000000	0.000000	0.000000	0.000000	0.000000	0.000000	0.000000	0.000000	0.000000	0.000000	0.000000	0.000000	9.000000	
output1
79.591501	76.464262	77.259524	70.718126	69.630840	71.401049	73.618654	75.265572	73.575324	73.408118	72.547201	68.440530	71.688575	76.256103	71.632057	73.747547	68.698178	69.592773	75.277683	76.732311	79.627446	79.357781	78.852012	78.988951	80.655988	73.365745	70.070905	71.023914	73.089912	77.440578	79.338470	
output2
144.656288	78.017512	1.163751	327.219873	320.912964	377.658763	115.951176	125.817805	212.334464	129.344833	245.076057	437.024870	222.779084	7.347994	257.385441	133.136466	427.249078	280.249896	8.936641	53.272693	306.549621	137.712033	79.575424	112.391917	240.416826	127.734442	201.386266	336.822153	78.275780	120.357333	96.995549	
output3
144.656288	78.017512	1.163751	327.219873	320.912964	377.658763	115.951176	125.817805	212.334464	129.344833	245.076057	437.024870	222.779084	7.347994	257.385441	133.136466	427.249078	280.249896	8.936641	53.272693	306.549621	137.712033	79.575424	112.391917	240.416826	127.734442	201.386266	336.822153	78.275780	120.357333	96.995549	
output4
1.000000	3.966056	0.358352	15.729596	1.421244	0.128416	19.202532	56.616796	7.670395	74.430891	3.166174	6.225097	185.282355	103.168541	251.742515	185.282355	103.168541	251.742515	0.000000	9.000000	